0 0.5
0.00111111 0.5
0.00219216 0.5
0.00325253 0.5
0.00429734 0.5
0.0053313 0.5
0.00635673 0.5
0.0073769 0.5
0.00839393 0.5
0.00940992 0.5
0.010427 0.5
0.0114471 0.5
0.0124715 0.5
0.0135024 0.5
0.0145419 0.5
0.0155925 0.5
0.0166567 0.5
0.0177361 0.5
0.0188227 0.5
0.0199105 0.5
0.0210007 0.5
0.0220921 0.5
0.0231835 0.5
0.0242749 0.5
0.0253675 0.5
0.0264577 0.5
0.0275467 0.5
0.0286357 0.5
0.0297234 0.5
0.03081 0.5
0.0318953 0.5
0.0329794 0.5
0.0340623 0.5
0.0351452 0.5
0.0362256 0.5
0.0373049 0.5
0.0383841 0.5
0.0394634 0.5
0.0405439 0.5
0.0416256 0.5
0.0427085 0.5
0.0437914 0.5
0.0448743 0.5
0.0459584 0.5
0.0470413 0.5
0.0481242 0.5
0.0492059 0.5
0.0502864 0.5
0.0513668 0.5
0.052446 0.5
0.053524 0.5
0.0546008 0.5
0.0556763 0.5
0.0567506 0.5
0.0578237 0.0229949951171875
0.0588968 0.0229949951171875
0.0599699 0.0229949951171875
0.061043 0.0229949951171875
0.0621149 0.0229949951171875
0.0631868 0.0229949951171875
0.0642574 0.0229949951171875
0.0653268 0.0229949951171875
0.0663962 0.0229949951171875
0.0674657 0.0229949951171875
0.0685338 0.0229949951171875
0.069602 0.0229949951171875
0.0706702 0.0229949951171875
0.0717372 0.0229949951171875
0.0728042 0.0229949951171875
0.0738711 0.0229949951171875
0.0749381 0.0229949951171875
0.0760051 0.0229949951171875
0.0770721 0.0229949951171875
0.0781378 0.0229949951171875
0.0792035 0.0229949951171875
0.0802693 0.0229949951171875
0.0813338 0.0229949951171875
0.0823983 0.0229949951171875
0.0834615 0.0229949951171875
0.0845248 0.0229949951171875
0.0855881 0.0229949951171875
0.0866501 0.0229949951171875
0.0877109 0.0229949951171875
0.0887717 0.0229949951171875
0.0898325 0.0229949951171875
0.0908933 0.0229949951171875
0.0919541 0.0229949951171875
0.0930149 0.0229949951171875
0.0940745 0.0229949951171875
0.095134 0.0229949951171875
0.0961936 0.0229949951171875
0.0972544 0.0229949951171875
0.0983152 0.0229949951171875
0.0993748 0.0229949951171875
0.100436 0.0229949951171875
0.101496 0.0229949951171875
0.102556 0.0229949951171875
0.103616 0.0229949951171875
0.104675 0.0229949951171875
0.105733 0.0229949951171875
0.106792 0.0229949951171875
0.10785 0.0229949951171875
0.108908 0.0229949951171875
0.109967 0.0229949951171875
0.111024 0.0229949951171875
0.112081 0.0229949951171875
0.113138 0.0229949951171875
0.114195 0.0229949951171875
0.115252 0.0229949951171875
0.116309 0.0229949951171875
0.117366 0.0229949951171875
0.118423 0.0229949951171875
0.11948 0.0229949951171875
0.120537 0.0229949951171875
0.121594 0.0229949951171875
0.122651 0.0229949951171875
0.123708 0.0229949951171875
0.124764 0.0229949951171875
0.12582 0.0229949951171875
0.126876 0.0229949951171875
0.127931 0.0229949951171875
0.128987 0.0229949951171875
0.130043 0.0229949951171875
0.131099 0.0229949951171875
0.132153 0.0229949951171875
0.133208 0.0229949951171875
0.134262 0.0229949951171875
0.135315 0.0229949951171875
0.136368 0.0229949951171875
0.137422 0.0229949951171875
0.138475 0.0229949951171875
0.139528 0.0229949951171875
0.14058 0.0229949951171875
0.141632 0.0229949951171875
0.142684 0.035003662109375
0.143736 0.035003662109375
0.144788 0.035003662109375
0.14584 0.035003662109375
0.146892 0.035003662109375
0.147943 0.035003662109375
0.148995 0.035003662109375
0.150046 0.035003662109375
0.151097 0.035003662109375
0.152147 0.035003662109375
0.153198 0.035003662109375
0.154247 0.035003662109375
0.155297 0.035003662109375
0.156346 0.035003662109375
0.157395 0.035003662109375
0.158445 0.035003662109375
0.159493 0.035003662109375
0.160541 0.035003662109375
0.161589 0.035003662109375
0.162637 0.035003662109375
0.163685 0.035003662109375
0.164733 0.035003662109375
0.165781 0.035003662109375
0.16683 0.035003662109375
0.167879 0.035003662109375
0.168929 0.035003662109375
0.169977 0.035003662109375
0.171025 0.035003662109375
0.172073 0.035003662109375
0.173121 0.035003662109375
0.174169 0.035003662109375
0.175215 0.035003662109375
0.176262 0.035003662109375
0.177309 0.035003662109375
0.178355 0.035003662109375
0.179402 0.035003662109375
0.180449 0.035003662109375
0.181495 0.035003662109375
0.182542 0.035003662109375
0.18359 0.035003662109375
0.184638 0.035003662109375
0.185686 0.035003662109375
0.186734 0.035003662109375
0.187781 0.035003662109375
0.188828 0.035003662109375
0.189874 0.035003662109375
0.190921 0.035003662109375
0.191968 0.035003662109375
0.193013 0.035003662109375
0.194058 0.035003662109375
0.195104 0.035003662109375
0.196149 0.035003662109375
0.197194 0.0469970703125
0.198239 0.0469970703125
0.199285 0.0469970703125
0.20033 0.0469970703125
0.201375 0.0469970703125
0.202421 0.0469970703125
0.203466 0.0469970703125
0.204511 0.0469970703125
0.205555 0.0469970703125
0.206599 0.0469970703125
0.207643 0.0469970703125
0.208687 0.0469970703125
0.209731 0.0469970703125
0.210774 0.0469970703125
0.211816 0.0469970703125
0.212859 0.0469970703125
0.213903 0.0469970703125
0.214947 0.0469970703125
0.215991 0.0469970703125
0.217035 0.0469970703125
0.218079 0.0469970703125
0.219123 0.0469970703125
0.220165 0.0469970703125
0.221208 0.0469970703125
0.22225 0.0469970703125
0.223293 0.0469970703125
0.224335 0.0469970703125
0.225378 0.0469970703125
0.226421 0.0469970703125
0.227463 0.0469970703125
0.228506 0.0469970703125
0.229548 0.0469970703125
0.230591 0.0469970703125
0.231633 0.0469970703125
0.232676 0.0469970703125
0.233718 0.0469970703125
0.234761 0.0469970703125
0.235802 0.0469970703125
0.236843 0.0469970703125
0.237884 0.0469970703125
0.238926 0.0469970703125
0.239967 0.0469970703125
0.241008 0.0469970703125
0.242049 0.0469970703125
0.24309 0.0469970703125
0.244131 0.0469970703125
0.245172 0.0469970703125
0.246214 0.0469970703125
0.247255 0.0469970703125
0.248296 0.0469970703125
0.249337 0.0469970703125
0.250378 0.0469970703125
0.251419 0.0469970703125
0.25246 0.0579986572265625
0.253502 0.0579986572265625
0.254541 0.0579986572265625
0.255581 0.0579986572265625
0.256621 0.0579986572265625
0.25766 0.0579986572265625
0.258701 0.0579986572265625
0.259743 0.0579986572265625
0.260784 0.0579986572265625
0.261825 0.0579986572265625
0.262866 0.0579986572265625
0.263907 0.0579986572265625
0.264948 0.0579986572265625
0.265989 0.0579986572265625
0.267031 0.0579986572265625
0.26807 0.0579986572265625
0.26911 0.0579986572265625
0.27015 0.0579986572265625
0.271189 0.0579986572265625
0.272229 0.0579986572265625
0.273269 0.0579986572265625
0.274308 0.0579986572265625
0.27535 0.0579986572265625
0.276391 0.0579986572265625
0.277432 0.0579986572265625
0.278473 0.0579986572265625
0.279514 0.0579986572265625
0.280555 0.0579986572265625
0.281597 0.0579986572265625
0.282636 0.0579986572265625
0.283676 0.0579986572265625
0.284715 0.0579986572265625
0.285755 0.0579986572265625
0.286795 0.0579986572265625
0.287834 0.0579986572265625
0.288874 0.0579986572265625
0.289914 0.0579986572265625
0.290955 0.0579986572265625
0.291996 0.0579986572265625
0.293037 0.0579986572265625
0.294078 0.0579986572265625
0.29512 0.0579986572265625
0.296161 0.0579986572265625
0.297201 0.0579986572265625
0.29824 0.0579986572265625
0.29928 0.0579986572265625
0.300319 0.0579986572265625
0.301359 0.0579986572265625
0.302399 0.0579986572265625
0.303438 0.0579986572265625
0.304478 0.0579986572265625
0.305518 0.0579986572265625
0.306557 0.0579986572265625
0.307599 0.0579986572265625
0.308638 0.0579986572265625
0.309678 0.0579986572265625
0.310717 0.0579986572265625
0.311757 0.07000732421875
0.312797 0.07000732421875
0.313836 0.07000732421875
0.314876 0.07000732421875
0.315916 0.07000732421875
0.316955 0.07000732421875
0.317995 0.07000732421875
0.319035 0.07000732421875
0.320074 0.07000732421875
0.321114 0.07000732421875
0.322153 0.07000732421875
0.323193 0.07000732421875
0.324233 0.07000732421875
0.325272 0.07000732421875
0.326312 0.07000732421875
0.327352 0.07000732421875
0.32839 0.07000732421875
0.329428 0.07000732421875
0.330466 0.07000732421875
0.331504 0.07000732421875
0.332542 0.07000732421875
0.333582 0.07000732421875
0.334621 0.07000732421875
0.335661 0.07000732421875
0.336701 0.07000732421875
0.33774 0.07000732421875
0.33878 0.07000732421875
0.339819 0.07000732421875
0.340857 0.07000732421875
0.341896 0.07000732421875
0.342934 0.07000732421875
0.343972 0.07000732421875
0.34501 0.07000732421875
0.346048 0.07000732421875
0.347086 0.07000732421875
0.348124 0.07000732421875
0.349162 0.07000732421875
0.350201 0.07000732421875
0.351241 0.07000732421875
0.352281 0.07000732421875
0.35332 0.07000732421875
0.354358 0.07000732421875
0.355396 0.07000732421875
0.356434 0.07000732421875
0.357472 0.07000732421875
0.35851 0.07000732421875
0.359548 0.07000732421875
0.360586 0.07000732421875
0.361624 0.07000732421875
0.362662 0.07000732421875
0.3637 0.07000732421875
0.36474 0.07000732421875
0.36578 0.07000732421875
0.36682 0.07000732421875
0.367859 0.07000732421875
0.368897 0.07000732421875
0.369935 0.07000732421875
0.370973 0.08099365234375
0.372011 0.08099365234375
0.373049 0.08099365234375
0.374087 0.08099365234375
0.375125 0.08099365234375
0.376163 0.08099365234375
0.377201 0.08099365234375
0.378239 0.08099365234375
0.379279 0.08099365234375
0.380319 0.08099365234375
0.381358 0.08099365234375
0.382398 0.08099365234375
0.383436 0.08099365234375
0.384474 0.08099365234375
0.385512 0.08099365234375
0.38655 0.08099365234375
0.387588 0.08099365234375
0.388626 0.08099365234375
0.389664 0.08099365234375
0.390702 0.08099365234375
0.39174 0.08099365234375
0.392778 0.08099365234375
0.393818 0.08099365234375
0.394858 0.08099365234375
0.395897 0.08099365234375
0.396937 0.08099365234375
0.397977 0.08099365234375
0.399017 0.08099365234375
0.400055 0.08099365234375
0.401093 0.08099365234375
0.402131 0.08099365234375
0.403169 0.08099365234375
0.404206 0.08099365234375
0.405244 0.08099365234375
0.406282 0.08099365234375
0.407322 0.08099365234375
0.408362 0.08099365234375
0.409402 0.08099365234375
0.410442 0.08099365234375
0.411481 0.08099365234375
0.412521 0.08099365234375
0.413561 0.08099365234375
0.414601 0.08099365234375
0.41564 0.08099365234375
0.41668 0.08099365234375
0.41772 0.08099365234375
0.41876 0.08099365234375
0.4198 0.08099365234375
0.420839 0.08099365234375
0.421879 0.08099365234375
0.422919 0.08099365234375
0.423959 0.08099365234375
0.424999 0.08099365234375
0.426038 0.08099365234375
0.427078 0.08099365234375
0.428118 0.08099365234375
0.429158 0.0930023193359375
0.430197 0.0930023193359375
0.431237 0.0930023193359375
0.432277 0.0930023193359375
0.433317 0.0930023193359375
0.434357 0.0930023193359375
0.435396 0.0930023193359375
0.436436 0.0930023193359375
0.437476 0.0930023193359375
0.438516 0.0930023193359375
0.439556 0.0930023193359375
0.440595 0.0930023193359375
0.441635 0.0930023193359375
0.442675 0.0930023193359375
0.443715 0.0930023193359375
0.444754 0.0930023193359375
0.445794 0.0930023193359375
0.446834 0.0930023193359375
0.447874 0.0930023193359375
0.448914 0.0930023193359375
0.449953 0.0930023193359375
0.450993 0.0930023193359375
0.452033 0.0930023193359375
0.453073 0.0930023193359375
0.454113 0.0930023193359375
0.455152 0.0930023193359375
0.456192 0.0930023193359375
0.457232 0.0930023193359375
0.458272 0.0930023193359375
0.459311 0.0930023193359375
0.460351 0.0930023193359375
0.461391 0.0930023193359375
0.462431 0.0930023193359375
0.463471 0.0930023193359375
0.46451 0.0930023193359375
0.46555 0.0930023193359375
0.46659 0.0930023193359375
0.46763 0.0930023193359375
0.46867 0.0930023193359375
0.469709 0.0930023193359375
0.470749 0.0930023193359375
0.471789 0.0930023193359375
0.472829 0.0930023193359375
0.473868 0.0930023193359375
0.474908 0.0930023193359375
0.475948 0.0930023193359375
0.476988 0.0930023193359375
0.478028 0.0930023193359375
0.479067 0.0930023193359375
0.480107 0.0930023193359375
0.481147 0.0930023193359375
0.482187 0.0930023193359375
0.483229 0.0930023193359375
0.484271 0.0930023193359375
0.48531 0.0930023193359375
0.48635 0.0930023193359375
0.48739 0.0930023193359375
0.48843 0.0930023193359375
0.489469 0.0930023193359375
0.490509 0.1049957275390625
0.491549 0.1049957275390625
0.492589 0.1049957275390625
0.493629 0.1049957275390625
0.494668 0.1049957275390625
0.495708 0.1049957275390625
0.496748 0.1049957275390625
0.497788 0.1049957275390625
0.49883 0.1049957275390625
0.499871 0.1049957275390625
0.500911 0.1049957275390625
0.501951 0.1049957275390625
0.502991 0.1049957275390625
0.504031 0.1049957275390625
0.50507 0.1049957275390625
0.50611 0.1049957275390625
0.50715 0.1049957275390625
0.50819 0.1049957275390625
0.509229 0.1049957275390625
0.510269 0.1049957275390625
0.511309 0.1049957275390625
0.512351 0.1049957275390625
0.513393 0.1049957275390625
0.514435 0.1049957275390625
0.515475 0.1049957275390625
0.516514 0.1049957275390625
0.517554 0.1049957275390625
0.518594 0.1049957275390625
0.519634 0.1049957275390625
0.520673 0.1049957275390625
0.521713 0.1049957275390625
0.522753 0.1049957275390625
0.523793 0.1049957275390625
0.524832 0.1049957275390625
0.525872 0.1049957275390625
0.526914 0.1049957275390625
0.527956 0.1049957275390625
0.528998 0.1049957275390625
0.53004 0.1049957275390625
0.53108 0.1049957275390625
0.53212 0.1049957275390625
0.53316 0.1049957275390625
0.534199 0.1049957275390625
0.535239 0.1049957275390625
0.536279 0.1049957275390625
0.537318 0.1049957275390625
0.538358 0.1049957275390625
0.5394 0.1049957275390625
0.540442 0.1049957275390625
0.541484 0.1049957275390625
0.542527 0.1049957275390625
0.543569 0.1049957275390625
0.544611 0.1049957275390625
0.545653 0.1049957275390625
0.546692 0.1049957275390625
0.547732 0.1049957275390625
0.548772 0.1049957275390625
0.549812 0.1049957275390625
0.550851 0.1049957275390625
0.551893 0.1049957275390625
0.552935 0.115997314453125
0.553978 0.115997314453125
0.55502 0.115997314453125
0.556062 0.115997314453125
0.557104 0.115997314453125
0.558146 0.115997314453125
0.559188 0.115997314453125
0.56023 0.115997314453125
0.561272 0.115997314453125
0.562314 0.115997314453125
0.563357 0.115997314453125
0.564399 0.115997314453125
0.565441 0.115997314453125
0.566483 0.115997314453125
0.567525 0.115997314453125
0.568567 0.115997314453125
0.569609 0.115997314453125
0.570651 0.115997314453125
0.571693 0.115997314453125
0.572736 0.115997314453125
0.573778 0.115997314453125
0.57482 0.115997314453125
0.575862 0.115997314453125
0.576904 0.115997314453125
0.577946 0.115997314453125
0.578988 0.115997314453125
0.58003 0.115997314453125
0.581072 0.115997314453125
0.582115 0.115997314453125
0.583157 0.115997314453125
0.584199 0.115997314453125
0.585241 0.115997314453125
0.586283 0.115997314453125
0.587325 0.115997314453125
0.588367 0.115997314453125
0.589409 0.115997314453125
0.590449 0.115997314453125
0.591488 0.115997314453125
0.592528 0.115997314453125
0.593567 0.115997314453125
0.594607 0.115997314453125
0.595646 0.115997314453125
0.596686 0.115997314453125
0.597725 0.115997314453125
0.598765 0.115997314453125
0.599804 0.115997314453125
0.600843 0.115997314453125
0.601883 0.115997314453125
0.602922 0.115997314453125
0.603962 0.115997314453125
0.605001 0.115997314453125
0.606041 0.115997314453125
0.60708 0.115997314453125
0.60812 0.115997314453125
0.609159 0.115997314453125
0.610199 0.115997314453125
0.611238 0.115997314453125
0.612278 0.115997314453125
0.613317 0.115997314453125
0.614357 0.115997314453125
0.615396 0.115997314453125
0.616435 0.115997314453125
0.617475 0.115997314453125
0.618514 0.115997314453125
0.619554 0.115997314453125
0.620593 0.115997314453125
0.621633 0.115997314453125
0.622672 0.1280059814453125
0.623712 0.1280059814453125
0.624751 0.1280059814453125
0.625791 0.1280059814453125
0.62683 0.1280059814453125
0.62787 0.1280059814453125
0.628909 0.1280059814453125
0.629949 0.1280059814453125
0.630988 0.1280059814453125
0.632028 0.1280059814453125
0.633067 0.1280059814453125
0.634106 0.1280059814453125
0.635146 0.1280059814453125
0.636185 0.1280059814453125
0.637225 0.1280059814453125
0.638264 0.1280059814453125
0.639304 0.1280059814453125
0.640343 0.1280059814453125
0.641383 0.1280059814453125
0.642422 0.1280059814453125
0.643459 0.1280059814453125
0.644495 0.1280059814453125
0.645532 0.1280059814453125
0.646568 0.1280059814453125
0.647605 0.1280059814453125
0.648641 0.1280059814453125
0.649677 0.1280059814453125
0.650714 0.1280059814453125
0.65175 0.1280059814453125
0.652787 0.1280059814453125
0.653823 0.1280059814453125
0.65486 0.1280059814453125
0.655896 0.1280059814453125
0.656933 0.1280059814453125
0.657969 0.1280059814453125
0.659006 0.1280059814453125
0.660042 0.1280059814453125
0.661078 0.1280059814453125
0.662115 0.1280059814453125
0.663151 0.1280059814453125
0.664188 0.1280059814453125
0.665224 0.1280059814453125
0.666261 0.1280059814453125
0.667297 0.1280059814453125
0.668334 0.1280059814453125
0.66937 0.1280059814453125
0.670407 0.1280059814453125
0.671443 0.1280059814453125
0.67248 0.1280059814453125
0.673516 0.1280059814453125
0.674552 0.1280059814453125
0.675589 0.1280059814453125
0.676625 0.1280059814453125
0.677662 0.1280059814453125
0.678698 0.1280059814453125
0.679735 0.1280059814453125
0.680771 0.1280059814453125
0.681808 0.1280059814453125
0.682844 0.1280059814453125
0.683881 0.1280059814453125
0.684917 0.1280059814453125
0.685953 0.1280059814453125
0.68699 0.1280059814453125
0.688026 0.1280059814453125
0.689063 0.1280059814453125
0.690099 0.1280059814453125
0.691136 0.1280059814453125
0.692172 0.1280059814453125
0.693209 0.1280059814453125
0.694245 0.1280059814453125
0.695282 0.1280059814453125
0.696318 0.1280059814453125
0.697354 0.1280059814453125
0.698391 0.1280059814453125
0.699427 0.1280059814453125
0.700464 0.1280059814453125
0.7015 0.1280059814453125
0.702537 0.1280059814453125
0.703573 0.1280059814453125
0.70461 0.1280059814453125
0.705646 0.1280059814453125
0.706683 0.1399993896484375
0.707719 0.1399993896484375
0.708756 0.1399993896484375
0.709792 0.1399993896484375
0.710828 0.1399993896484375
0.711865 0.1399993896484375
0.712901 0.1399993896484375
0.713938 0.1399993896484375
0.714974 0.1399993896484375
0.716011 0.1399993896484375
0.717047 0.1399993896484375
0.718084 0.1399993896484375
0.719116 0.1399993896484375
0.720149 0.1399993896484375
0.721182 0.1399993896484375
0.722214 0.1399993896484375
0.723247 0.1399993896484375
0.72428 0.1399993896484375
0.725312 0.1399993896484375
0.726345 0.1399993896484375
0.727378 0.1399993896484375
0.72841 0.1399993896484375
0.729443 0.1399993896484375
0.730476 0.1399993896484375
0.731508 0.1399993896484375
0.732541 0.1399993896484375
0.733574 0.1399993896484375
0.734606 0.1399993896484375
0.735639 0.1399993896484375
0.736672 0.1399993896484375
0.737704 0.1399993896484375
0.738737 0.1399993896484375
0.73977 0.1399993896484375
0.740802 0.1399993896484375
0.741835 0.1399993896484375
0.742867 0.1399993896484375
0.7439 0.1399993896484375
0.744933 0.1399993896484375
0.745965 0.1399993896484375
0.746998 0.1399993896484375
0.748031 0.1399993896484375
0.749063 0.1399993896484375
0.750096 0.1399993896484375
0.751129 0.1399993896484375
0.752161 0.1399993896484375
0.753194 0.1399993896484375
0.754227 0.1399993896484375
0.755259 0.1399993896484375
0.756292 0.1399993896484375
0.757325 0.1399993896484375
0.758357 0.1399993896484375
0.75939 0.1399993896484375
0.760423 0.1399993896484375
0.761455 0.1399993896484375
0.762488 0.1399993896484375
0.763521 0.1399993896484375
0.764553 0.1399993896484375
0.765586 0.1399993896484375
0.766619 0.1399993896484375
0.767651 0.1399993896484375
0.768684 0.1399993896484375
0.769717 0.1399993896484375
0.770749 0.1399993896484375
0.771782 0.1399993896484375
0.772815 0.1399993896484375
0.773847 0.1399993896484375
0.77488 0.1399993896484375
0.775913 0.1399993896484375
0.776945 0.1399993896484375
0.777978 0.1399993896484375
0.779011 0.1399993896484375
0.780043 0.1399993896484375
0.781076 0.1399993896484375
0.782109 0.1399993896484375
0.783141 0.1399993896484375
0.784174 0.1399993896484375
0.785207 0.1399993896484375
0.786239 0.1399993896484375
0.787272 0.1399993896484375
0.788305 0.1399993896484375
0.789337 0.1399993896484375
0.79037 0.1399993896484375
0.791403 0.1399993896484375
0.792435 0.1399993896484375
0.793468 0.1399993896484375
0.794501 0.1399993896484375
0.795533 0.1399993896484375
0.796566 0.1399993896484375
0.797599 0.1399993896484375
0.798631 0.1399993896484375
0.799664 0.1399993896484375
0.800696 0.1399993896484375
0.801729 0.1399993896484375
0.802762 0.1399993896484375
0.803794 0.1399993896484375
0.804827 0.1510009765625
0.80586 0.1510009765625
0.806892 0.1510009765625
0.807925 0.1510009765625
0.808958 0.1510009765625
0.80999 0.1510009765625
0.811023 0.1510009765625
0.812056 0.1510009765625
0.813088 0.1510009765625
0.814121 0.1510009765625
0.815154 0.1510009765625
0.816186 0.1510009765625
0.817213 0.1510009765625
0.81824 0.1510009765625
0.819267 0.1510009765625
0.820294 0.1510009765625
0.821321 0.1510009765625
0.822348 0.1510009765625
0.823375 0.1510009765625
0.824402 0.1510009765625
0.825428 0.1510009765625
0.826455 0.1510009765625
0.827482 0.1510009765625
0.828509 0.1510009765625
0.829536 0.1510009765625
0.830563 0.1510009765625
0.83159 0.1510009765625
0.832617 0.1510009765625
0.833644 0.1510009765625
0.83467 0.1510009765625
0.835697 0.1510009765625
0.836724 0.1510009765625
0.837751 0.1510009765625
0.838778 0.1510009765625
0.839805 0.1510009765625
0.840832 0.1510009765625
0.841859 0.1510009765625
0.842886 0.1510009765625
0.843912 0.1510009765625
0.844939 0.1510009765625
0.845966 0.1510009765625
0.846993 0.1510009765625
0.84802 0.1510009765625
0.849047 0.1510009765625
0.850074 0.1510009765625
0.851101 0.1510009765625
0.852128 0.1510009765625
0.853154 0.1510009765625
0.854181 0.1510009765625
0.855208 0.1510009765625
0.856235 0.1510009765625
0.857262 0.1510009765625
0.858289 0.1510009765625
0.859316 0.1510009765625
0.860343 0.1510009765625
0.86137 0.1510009765625
0.862397 0.1510009765625
0.863423 0.1510009765625
0.86445 0.1510009765625
0.865477 0.1510009765625
0.866504 0.1510009765625
0.867531 0.1510009765625
0.868558 0.1510009765625
0.869585 0.1510009765625
0.870612 0.1510009765625
0.871639 0.1510009765625
0.872665 0.1510009765625
0.873692 0.1510009765625
0.874719 0.1510009765625
0.875746 0.1510009765625
0.876773 0.1510009765625
0.8778 0.1510009765625
0.878827 0.1510009765625
0.879854 0.1510009765625
0.880881 0.1510009765625
0.881907 0.1510009765625
0.882934 0.1510009765625
0.883961 0.1510009765625
0.884988 0.1510009765625
0.886015 0.1510009765625
0.887042 0.1510009765625
0.888069 0.1510009765625
0.889096 0.1510009765625
0.890123 0.1510009765625
0.891149 0.1510009765625
0.892176 0.1510009765625
0.893203 0.1510009765625
0.89423 0.1510009765625
0.895257 0.1510009765625
0.896284 0.1510009765625
0.897311 0.1510009765625
0.898338 0.1510009765625
0.899365 0.1510009765625
0.900392 0.1510009765625
0.901418 0.1510009765625
0.902445 0.1510009765625
0.903472 0.1510009765625
0.904499 0.1510009765625
0.905526 0.1510009765625
0.906553 0.1510009765625
0.90758 0.1510009765625
0.908607 0.1510009765625
0.909634 0.1510009765625
0.91066 0.1510009765625
0.911687 0.1510009765625
0.912714 0.1510009765625
0.913741 0.1510009765625
0.914768 0.1510009765625
0.915795 0.1510009765625
0.916822 0.1510009765625
0.917849 0.1510009765625
0.918876 0.1510009765625
0.919902 0.1510009765625
0.920929 0.1510009765625
0.921956 0.1510009765625
0.922983 0.1510009765625
0.92401 0.1510009765625
0.925037 0.1510009765625
0.926064 0.1510009765625
0.927091 0.1510009765625
0.928118 0.1510009765625
0.929144 0.1510009765625
0.930171 0.162994384765625
0.931198 0.162994384765625
0.932225 0.162994384765625
0.933252 0.162994384765625
0.934279 0.162994384765625
0.935306 0.162994384765625
0.936333 0.162994384765625
0.93736 0.162994384765625
0.938387 0.162994384765625
0.939413 0.162994384765625
0.94044 0.162994384765625
0.941467 0.162994384765625
0.942494 0.162994384765625
0.943521 0.162994384765625
0.944548 0.162994384765625
0.945575 0.162994384765625
0.946602 0.162994384765625
0.947629 0.162994384765625
0.948655 0.162994384765625
0.949682 0.162994384765625
0.950709 0.162994384765625
0.951736 0.162994384765625
0.952763 0.162994384765625
0.95379 0.162994384765625
0.954817 0.162994384765625
0.955844 0.162994384765625
0.956871 0.162994384765625
0.957897 0.162994384765625
0.958924 0.162994384765625
0.959951 0.162994384765625
0.960978 0.162994384765625
0.961979 0.162994384765625
0.962979 0.162994384765625
0.96398 0.162994384765625
0.96498 0.162994384765625
0.965981 0.162994384765625
0.966981 0.162994384765625
0.967982 0.162994384765625
0.968983 0.162994384765625
0.969983 0.162994384765625
0.970984 0.162994384765625
0.971984 0.162994384765625
0.972985 0.162994384765625
0.973985 0.162994384765625
0.974986 0.162994384765625
0.975987 0.162994384765625
0.976987 0.162994384765625
0.977988 0.162994384765625
0.978988 0.162994384765625
0.979989 0.162994384765625
0.980989 0.162994384765625
0.98199 0.162994384765625
0.98299 0.162994384765625
0.983991 0.162994384765625
0.984992 0.162994384765625
0.985992 0.162994384765625
0.986993 0.162994384765625
0.987993 0.162994384765625
0.988994 0.162994384765625
0.989994 0.162994384765625
0.990995 0.162994384765625
0.991996 0.162994384765625
0.992996 0.162994384765625
0.993997 0.162994384765625
0.994997 0.162994384765625
0.995998 0.162994384765625
0.996998 0.162994384765625
0.997999 0.162994384765625
0.998999 0.162994384765625
1 0.162994384765625
1.00102 0.162994384765625
1.00205 0.162994384765625
1.00307 0.162994384765625
1.0041 0.162994384765625
1.00512 0.162994384765625
1.00615 0.162994384765625
1.00717 0.162994384765625
1.0082 0.162994384765625
1.00922 0.162994384765625
1.01025 0.162994384765625
1.01127 0.162994384765625
1.0123 0.162994384765625
1.01332 0.162994384765625
1.01434 0.162994384765625
1.01537 0.162994384765625
1.01639 0.162994384765625
1.01742 0.162994384765625
1.01844 0.162994384765625
1.01947 0.162994384765625
1.02049 0.162994384765625
1.02152 0.162994384765625
1.02254 0.162994384765625
1.02357 0.162994384765625
1.02459 0.162994384765625
1.02561 0.162994384765625
1.02664 0.162994384765625
1.02766 0.162994384765625
1.02868 0.162994384765625
1.02971 0.162994384765625
1.03073 0.162994384765625
1.03175 0.162994384765625
1.03278 0.162994384765625
1.0338 0.162994384765625
1.03482 0.162994384765625
1.03585 0.162994384765625
1.03687 0.162994384765625
1.03789 0.162994384765625
1.03892 0.162994384765625
1.03994 0.162994384765625
1.04097 0.162994384765625
1.04199 0.162994384765625
1.04301 0.162994384765625
1.04404 0.162994384765625
1.04506 0.162994384765625
1.04608 0.162994384765625
1.04711 0.162994384765625
1.04813 0.162994384765625
1.04915 0.162994384765625
1.05017 0.162994384765625
1.0512 0.162994384765625
1.05222 0.162994384765625
1.05324 0.162994384765625
1.05426 0.162994384765625
1.05528 0.162994384765625
1.05631 0.162994384765625
1.05733 0.162994384765625
1.05835 0.162994384765625
1.05937 0.162994384765625
1.0604 0.162994384765625
1.06142 0.162994384765625
1.06244 0.162994384765625
1.06346 0.162994384765625
1.06449 0.162994384765625
1.06551 0.162994384765625
1.06653 0.162994384765625
1.06755 0.162994384765625
1.06858 0.162994384765625
1.0696 0.162994384765625
1.07062 0.162994384765625
1.07164 0.162994384765625
1.07267 0.162994384765625
1.07369 0.162994384765625
1.07471 0.162994384765625
1.07573 0.162994384765625
1.07675 0.162994384765625
1.07777 0.162994384765625
1.0788 0.162994384765625
1.07982 0.162994384765625
1.08084 0.162994384765625
1.08186 0.162994384765625
1.08288 0.162994384765625
1.0839 0.162994384765625
1.08492 0.162994384765625
1.08594 0.162994384765625
1.08697 0.162994384765625
1.08799 0.162994384765625
1.08901 0.162994384765625
1.09003 0.162994384765625
1.09105 0.162994384765625
1.09207 0.162994384765625
1.09309 0.162994384765625
1.09412 0.1739959716796875
1.09514 0.1739959716796875
1.09616 0.1739959716796875
1.09718 0.1739959716796875
1.0982 0.1739959716796875
1.09922 0.1739959716796875
1.10024 0.1739959716796875
1.10126 0.1739959716796875
1.10229 0.1739959716796875
1.10331 0.1739959716796875
1.10433 0.1739959716796875
1.10535 0.1739959716796875
1.10637 0.1739959716796875
1.10739 0.1739959716796875
1.10841 0.1739959716796875
1.10943 0.1739959716796875
1.11045 0.1739959716796875
1.11147 0.1739959716796875
1.11249 0.1739959716796875
1.11351 0.1739959716796875
1.11453 0.1739959716796875
1.11555 0.1739959716796875
1.11657 0.1739959716796875
1.11759 0.1739959716796875
1.11861 0.1739959716796875
1.11963 0.1739959716796875
1.12065 0.1739959716796875
1.12167 0.1739959716796875
1.12269 0.1739959716796875
1.12371 0.1739959716796875
1.12473 0.1739959716796875
1.12575 0.1739959716796875
1.12677 0.1739959716796875
1.12779 0.1739959716796875
1.12881 0.1739959716796875
1.12983 0.1739959716796875
1.13085 0.1739959716796875
1.13187 0.1739959716796875
1.13289 0.1739959716796875
1.13391 0.1739959716796875
1.13493 0.1739959716796875
1.13595 0.1739959716796875
1.13697 0.1739959716796875
1.13799 0.1739959716796875
1.13901 0.1739959716796875
1.14003 0.1739959716796875
1.14105 0.1739959716796875
1.14206 0.1739959716796875
1.14308 0.1739959716796875
1.1441 0.1739959716796875
1.14512 0.1739959716796875
1.14614 0.1739959716796875
1.14716 0.1739959716796875
1.14818 0.1739959716796875
1.1492 0.1739959716796875
1.15022 0.1739959716796875
1.15123 0.1739959716796875
1.15225 0.1739959716796875
1.15327 0.1739959716796875
1.15429 0.1739959716796875
1.15531 0.1739959716796875
1.15633 0.1739959716796875
1.15735 0.1739959716796875
1.15837 0.1739959716796875
1.15939 0.1739959716796875
1.1604 0.1739959716796875
1.16142 0.1739959716796875
1.16244 0.1739959716796875
1.16346 0.1739959716796875
1.16448 0.1739959716796875
1.1655 0.1739959716796875
1.16652 0.1739959716796875
1.16753 0.1739959716796875
1.16855 0.1739959716796875
1.16957 0.1739959716796875
1.17059 0.1739959716796875
1.17161 0.1739959716796875
1.17262 0.1739959716796875
1.17364 0.1739959716796875
1.17466 0.1739959716796875
1.17568 0.1739959716796875
1.17669 0.1739959716796875
1.17771 0.1739959716796875
1.17873 0.1739959716796875
1.17975 0.1739959716796875
1.18076 0.1739959716796875
1.18178 0.1739959716796875
1.1828 0.1739959716796875
1.18382 0.1739959716796875
1.18484 0.1739959716796875
1.18585 0.1739959716796875
1.18687 0.1739959716796875
1.18789 0.1739959716796875
1.18891 0.1739959716796875
1.18992 0.1739959716796875
1.19094 0.1739959716796875
1.19196 0.1739959716796875
1.19298 0.1739959716796875
1.19399 0.1739959716796875
1.19501 0.1739959716796875
1.19602 0.1739959716796875
1.19704 0.1739959716796875
1.19806 0.1739959716796875
1.19907 0.1739959716796875
1.20009 0.1739959716796875
1.20111 0.1739959716796875
1.20212 0.1739959716796875
1.20314 0.1739959716796875
1.20416 0.1739959716796875
1.20517 0.1739959716796875
1.20619 0.1739959716796875
1.20721 0.1739959716796875
1.20822 0.1739959716796875
1.20924 0.1739959716796875
1.21025 0.1739959716796875
1.21127 0.1739959716796875
1.21229 0.1739959716796875
1.2133 0.1739959716796875
1.21432 0.1739959716796875
1.21534 0.1739959716796875
1.21635 0.1739959716796875
1.21737 0.1739959716796875
1.21839 0.1739959716796875
1.2194 0.1739959716796875
1.22042 0.1739959716796875
1.22144 0.1739959716796875
1.22245 0.1739959716796875
1.22347 0.1739959716796875
1.22448 0.1739959716796875
1.2255 0.1739959716796875
1.22652 0.1739959716796875
1.22753 0.1739959716796875
1.22855 0.1739959716796875
1.22956 0.1739959716796875
1.23058 0.1739959716796875
1.23159 0.1739959716796875
1.23261 0.1739959716796875
1.23362 0.1739959716796875
1.23464 0.1739959716796875
1.23565 0.1739959716796875
1.23667 0.1739959716796875
1.23768 0.1739959716796875
1.2387 0.1739959716796875
1.23971 0.1739959716796875
1.24073 0.1739959716796875
1.24174 0.1739959716796875
1.24276 0.1739959716796875
1.24377 0.1739959716796875
1.24479 0.1739959716796875
1.2458 0.1739959716796875
1.24682 0.1739959716796875
1.24783 0.1739959716796875
1.24885 0.1739959716796875
1.24986 0.1739959716796875
1.25088 0.1739959716796875
1.25189 0.1739959716796875
1.25291 0.1739959716796875
1.25392 0.1739959716796875
1.25494 0.1739959716796875
1.25595 0.1739959716796875
1.25697 0.1739959716796875
1.25798 0.1739959716796875
1.259 0.1739959716796875
1.26001 0.1739959716796875
1.26103 0.1739959716796875
1.26204 0.1739959716796875
1.26305 0.1739959716796875
1.26407 0.1739959716796875
1.26508 0.1739959716796875
1.26609 0.1739959716796875
1.26711 0.1739959716796875
1.26812 0.1739959716796875
1.26913 0.1739959716796875
1.27015 0.1739959716796875
1.27116 0.1739959716796875
1.27218 0.1739959716796875
1.27319 0.1739959716796875
1.2742 0.1739959716796875
1.27522 0.1739959716796875
1.27623 0.1739959716796875
1.27724 0.1739959716796875
1.27826 0.1739959716796875
1.27927 0.1739959716796875
1.28029 0.1739959716796875
1.2813 0.1739959716796875
1.28231 0.1739959716796875
1.28333 0.1739959716796875
1.28434 0.1739959716796875
1.28535 0.1739959716796875
1.28637 0.1739959716796875
1.28738 0.1739959716796875
1.28839 0.1739959716796875
1.28941 0.1739959716796875
1.29042 0.1739959716796875
1.29144 0.1739959716796875
1.29245 0.1739959716796875
1.29346 0.1739959716796875
1.29448 0.1739959716796875
1.29549 0.1739959716796875
1.2965 0.1739959716796875
1.29751 0.1739959716796875
1.29853 0.1739959716796875
1.29954 0.1739959716796875
1.30055 0.1739959716796875
1.30156 0.1739959716796875
1.30257 0.1739959716796875
1.30359 0.1739959716796875
1.3046 0.1739959716796875
1.30561 0.1739959716796875
1.30662 0.1739959716796875
1.30764 0.1739959716796875
1.30865 0.1739959716796875
1.30966 0.1739959716796875
1.31067 0.1739959716796875
1.31168 0.1739959716796875
1.3127 0.1739959716796875
1.31371 0.1739959716796875
1.31472 0.1739959716796875
1.31573 0.1739959716796875
1.31675 0.1739959716796875
1.31776 0.186004638671875
1.31877 0.186004638671875
1.31978 0.186004638671875
1.32079 0.186004638671875
1.32181 0.186004638671875
1.32282 0.186004638671875
1.32383 0.186004638671875
1.32484 0.186004638671875
1.32586 0.186004638671875
1.32687 0.186004638671875
1.32788 0.186004638671875
1.32889 0.186004638671875
1.3299 0.186004638671875
1.33092 0.186004638671875
1.33193 0.186004638671875
1.33294 0.186004638671875
1.33395 0.186004638671875
1.33496 0.186004638671875
1.33597 0.186004638671875
1.33698 0.186004638671875
1.33799 0.186004638671875
1.339 0.186004638671875
1.34001 0.186004638671875
1.34103 0.186004638671875
1.34204 0.186004638671875
1.34305 0.186004638671875
1.34406 0.186004638671875
1.34507 0.186004638671875
1.34608 0.186004638671875
1.34709 0.186004638671875
1.3481 0.186004638671875
1.34911 0.186004638671875
1.35012 0.186004638671875
1.35113 0.186004638671875
1.35214 0.186004638671875
1.35315 0.186004638671875
1.35416 0.186004638671875
1.35518 0.186004638671875
1.35619 0.186004638671875
1.3572 0.186004638671875
1.35821 0.186004638671875
1.35922 0.186004638671875
1.36023 0.186004638671875
1.36124 0.186004638671875
1.36225 0.186004638671875
1.36326 0.186004638671875
1.36427 0.186004638671875
1.36528 0.186004638671875
1.36629 0.186004638671875
1.3673 0.186004638671875
1.36831 0.186004638671875
1.36933 0.186004638671875
1.37034 0.186004638671875
1.37135 0.186004638671875
1.37236 0.186004638671875
1.37337 0.186004638671875
1.37438 0.186004638671875
1.37538 0.186004638671875
1.37639 0.186004638671875
1.3774 0.186004638671875
1.37841 0.186004638671875
1.37942 0.186004638671875
1.38043 0.186004638671875
1.38144 0.186004638671875
1.38245 0.186004638671875
1.38346 0.186004638671875
1.38447 0.186004638671875
1.38548 0.186004638671875
1.38648 0.186004638671875
1.38749 0.186004638671875
1.3885 0.186004638671875
1.38951 0.186004638671875
1.39052 0.186004638671875
1.39153 0.186004638671875
1.39254 0.186004638671875
1.39355 0.186004638671875
1.39456 0.186004638671875
1.39557 0.186004638671875
1.39657 0.186004638671875
1.39758 0.186004638671875
1.39859 0.186004638671875
1.3996 0.186004638671875
1.40061 0.186004638671875
1.40162 0.186004638671875
1.40263 0.186004638671875
1.40364 0.186004638671875
1.40465 0.186004638671875
1.40566 0.186004638671875
1.40667 0.186004638671875
1.40767 0.186004638671875
1.40868 0.186004638671875
1.40969 0.186004638671875
1.4107 0.186004638671875
1.41171 0.186004638671875
1.41272 0.186004638671875
1.41373 0.186004638671875
1.41474 0.186004638671875
1.41574 0.186004638671875
1.41675 0.186004638671875
1.41776 0.186004638671875
1.41877 0.186004638671875
1.41977 0.186004638671875
1.42078 0.186004638671875
1.42179 0.186004638671875
1.4228 0.186004638671875
1.4238 0.186004638671875
1.42481 0.186004638671875
1.42582 0.186004638671875
1.42682 0.186004638671875
1.42783 0.186004638671875
1.42884 0.186004638671875
1.42985 0.186004638671875
1.43085 0.186004638671875
1.43186 0.186004638671875
1.43287 0.186004638671875
1.43388 0.186004638671875
1.43488 0.186004638671875
1.43589 0.186004638671875
1.4369 0.186004638671875
1.43791 0.186004638671875
1.43891 0.186004638671875
1.43992 0.186004638671875
1.44093 0.186004638671875
1.44193 0.186004638671875
1.44294 0.186004638671875
1.44395 0.186004638671875
1.44496 0.186004638671875
1.44596 0.186004638671875
1.44697 0.186004638671875
1.44798 0.186004638671875
1.44899 0.186004638671875
1.44999 0.186004638671875
1.451 0.186004638671875
1.45201 0.186004638671875
1.45302 0.186004638671875
1.45402 0.186004638671875
1.45503 0.186004638671875
1.45604 0.186004638671875
1.45704 0.186004638671875
1.45805 0.186004638671875
1.45906 0.186004638671875
1.46007 0.186004638671875
1.46107 0.186004638671875
1.46208 0.186004638671875
1.46309 0.186004638671875
1.4641 0.186004638671875
1.4651 0.186004638671875
1.46611 0.186004638671875
1.46712 0.186004638671875
1.46813 0.186004638671875
1.46913 0.186004638671875
1.47014 0.186004638671875
1.47115 0.186004638671875
1.47215 0.186004638671875
1.47316 0.186004638671875
1.47416 0.186004638671875
1.47517 0.186004638671875
1.47617 0.186004638671875
1.47718 0.186004638671875
1.47819 0.186004638671875
1.47919 0.186004638671875
1.4802 0.186004638671875
1.4812 0.186004638671875
1.48221 0.186004638671875
1.48321 0.186004638671875
1.48422 0.186004638671875
1.48522 0.186004638671875
1.48623 0.186004638671875
1.48723 0.186004638671875
1.48824 0.186004638671875
1.48925 0.186004638671875
1.49025 0.186004638671875
1.49126 0.186004638671875
1.49226 0.186004638671875
1.49327 0.186004638671875
1.49427 0.186004638671875
1.49528 0.186004638671875
1.49628 0.186004638671875
1.49729 0.186004638671875
1.49829 0.186004638671875
1.4993 0.186004638671875
1.5003 0.186004638671875
1.50131 0.186004638671875
1.50232 0.186004638671875
1.50332 0.186004638671875
1.50433 0.186004638671875
1.50533 0.186004638671875
1.50634 0.186004638671875
1.50734 0.186004638671875
1.50835 0.186004638671875
1.50935 0.186004638671875
1.51036 0.186004638671875
1.51136 0.186004638671875
1.51237 0.186004638671875
1.51338 0.186004638671875
1.51438 0.186004638671875
1.51539 0.186004638671875
1.51639 0.186004638671875
1.5174 0.186004638671875
1.5184 0.186004638671875
1.51941 0.186004638671875
1.52041 0.186004638671875
1.52142 0.186004638671875
1.52242 0.186004638671875
1.52343 0.186004638671875
1.52443 0.186004638671875
1.52544 0.186004638671875
1.52645 0.186004638671875
1.52745 0.186004638671875
1.52846 0.186004638671875
1.52946 0.186004638671875
1.53047 0.186004638671875
1.53147 0.186004638671875
1.53248 0.186004638671875
1.53348 0.186004638671875
1.53449 0.186004638671875
1.53549 0.186004638671875
1.5365 0.186004638671875
1.53751 0.186004638671875
1.53851 0.186004638671875
1.53952 0.186004638671875
1.54052 0.186004638671875
1.54153 0.186004638671875
1.54253 0.186004638671875
1.54354 0.186004638671875
1.54454 0.186004638671875
1.54555 0.186004638671875
1.54655 0.186004638671875
1.54756 0.186004638671875
1.54857 0.186004638671875
1.54957 0.186004638671875
1.55058 0.186004638671875
1.55158 0.186004638671875
1.55259 0.186004638671875
1.55359 0.186004638671875
1.5546 0.186004638671875
1.5556 0.186004638671875
1.55661 0.186004638671875
1.55761 0.186004638671875
1.55862 0.186004638671875
1.55962 0.186004638671875
1.56063 0.186004638671875
1.56164 0.186004638671875
1.56264 0.186004638671875
1.56365 0.186004638671875
1.56465 0.186004638671875
1.56566 0.186004638671875
1.56666 0.186004638671875
1.56767 0.186004638671875
1.56867 0.186004638671875
1.56968 0.186004638671875
1.57068 0.186004638671875
1.57169 0.186004638671875
1.5727 0.186004638671875
1.5737 0.186004638671875
1.57471 0.186004638671875
1.57571 0.186004638671875
1.57672 0.186004638671875
1.57772 0.186004638671875
1.57873 0.186004638671875
1.57973 0.186004638671875
1.58074 0.186004638671875
1.58174 0.186004638671875
1.58275 0.186004638671875
1.58375 0.186004638671875
1.58476 0.186004638671875
1.58576 0.186004638671875
1.58676 0.186004638671875
1.58776 0.186004638671875
1.58877 0.186004638671875
1.58977 0.186004638671875
1.59077 0.186004638671875
1.59178 0.186004638671875
1.59278 0.186004638671875
1.59378 0.186004638671875
1.59479 0.186004638671875
1.59579 0.186004638671875
1.59679 0.197998046875
1.59779 0.197998046875
1.5988 0.197998046875
1.5998 0.197998046875
1.6008 0.197998046875
1.60181 0.197998046875
1.60281 0.197998046875
1.60381 0.197998046875
1.60482 0.197998046875
1.60582 0.197998046875
1.60682 0.197998046875
1.60782 0.197998046875
1.60883 0.197998046875
1.60983 0.197998046875
1.61083 0.197998046875
1.61184 0.197998046875
1.61284 0.197998046875
1.61384 0.197998046875
1.61485 0.197998046875
1.61585 0.197998046875
1.61685 0.197998046875
1.61785 0.197998046875
1.61886 0.197998046875
1.61986 0.197998046875
1.62086 0.197998046875
1.62187 0.197998046875
1.62287 0.197998046875
1.62387 0.197998046875
1.62488 0.197998046875
1.62588 0.197998046875
1.62688 0.197998046875
1.62788 0.197998046875
1.62889 0.197998046875
1.62989 0.197998046875
1.63089 0.197998046875
1.6319 0.197998046875
1.6329 0.197998046875
1.6339 0.197998046875
1.63491 0.197998046875
1.63591 0.197998046875
1.63691 0.197998046875
1.63791 0.197998046875
1.63892 0.197998046875
1.63992 0.197998046875
1.64092 0.197998046875
1.64193 0.197998046875
1.64293 0.197998046875
1.64393 0.197998046875
1.64494 0.197998046875
1.64594 0.197998046875
1.64694 0.197998046875
1.64794 0.197998046875
1.64895 0.197998046875
1.64995 0.197998046875
1.65095 0.197998046875
1.65196 0.197998046875
1.65296 0.197998046875
1.65396 0.197998046875
1.65497 0.197998046875
1.65597 0.197998046875
1.65697 0.197998046875
1.65797 0.197998046875
1.65898 0.197998046875
1.65998 0.197998046875
1.66098 0.197998046875
1.66199 0.197998046875
1.66299 0.197998046875
1.66399 0.197998046875
1.665 0.197998046875
1.666 0.197998046875
1.667 0.197998046875
1.668 0.197998046875
1.66901 0.197998046875
1.67001 0.197998046875
1.67101 0.197998046875
1.67202 0.197998046875
1.67302 0.197998046875
1.67402 0.197998046875
1.67503 0.197998046875
1.67603 0.197998046875
1.67703 0.197998046875
1.67803 0.197998046875
1.67904 0.197998046875
1.68004 0.197998046875
1.68104 0.197998046875
1.68205 0.197998046875
1.68305 0.197998046875
1.68405 0.197998046875
1.68506 0.197998046875
1.68606 0.197998046875
1.68706 0.197998046875
1.68807 0.197998046875
1.68907 0.197998046875
1.69007 0.197998046875
1.69107 0.197998046875
1.69208 0.197998046875
1.69308 0.197998046875
1.69408 0.197998046875
1.69509 0.197998046875
1.69609 0.197998046875
1.69709 0.197998046875
1.6981 0.197998046875
1.6991 0.197998046875
1.7001 0.197998046875
1.7011 0.197998046875
1.70211 0.197998046875
1.70311 0.197998046875
1.70411 0.197998046875
1.70512 0.197998046875
1.70612 0.197998046875
1.70712 0.197998046875
1.70813 0.197998046875
1.70913 0.197998046875
1.71013 0.197998046875
1.71113 0.197998046875
1.71214 0.197998046875
1.71314 0.197998046875
1.71414 0.197998046875
1.71515 0.197998046875
1.71615 0.197998046875
1.71715 0.197998046875
1.71816 0.197998046875
1.71916 0.197998046875
1.72016 0.197998046875
1.72116 0.197998046875
1.72217 0.197998046875
1.72317 0.197998046875
1.72417 0.197998046875
1.72518 0.197998046875
1.72618 0.197998046875
1.72718 0.197998046875
1.72819 0.197998046875
1.72919 0.197998046875
1.73019 0.197998046875
1.73119 0.197998046875
1.7322 0.197998046875
1.7332 0.197998046875
1.7342 0.197998046875
1.73521 0.197998046875
1.73621 0.197998046875
1.73721 0.197998046875
1.73822 0.197998046875
1.73922 0.197998046875
1.74022 0.197998046875
1.74122 0.197998046875
1.74223 0.197998046875
1.74323 0.197998046875
1.74423 0.197998046875
1.74524 0.197998046875
1.74624 0.197998046875
1.74724 0.197998046875
1.74825 0.197998046875
1.74925 0.197998046875
1.75025 0.197998046875
1.75125 0.197998046875
1.75226 0.197998046875
1.75326 0.197998046875
1.75426 0.197998046875
1.75527 0.197998046875
1.75627 0.197998046875
1.75727 0.197998046875
1.75828 0.197998046875
1.75928 0.197998046875
1.76028 0.197998046875
1.76128 0.197998046875
1.76229 0.197998046875
1.76329 0.197998046875
1.76429 0.197998046875
1.7653 0.197998046875
1.7663 0.197998046875
1.7673 0.197998046875
1.76831 0.197998046875
1.76931 0.197998046875
1.77031 0.197998046875
1.77131 0.197998046875
1.77232 0.197998046875
1.77332 0.197998046875
1.77432 0.197998046875
1.77533 0.197998046875
1.77633 0.197998046875
1.77733 0.197998046875
1.77834 0.197998046875
1.77934 0.197998046875
1.78034 0.197998046875
1.78134 0.197998046875
1.78235 0.197998046875
1.78335 0.197998046875
1.78435 0.197998046875
1.78536 0.197998046875
1.78636 0.197998046875
1.78736 0.197998046875
1.78837 0.197998046875
1.78937 0.197998046875
1.79037 0.197998046875
1.79137 0.197998046875
1.79238 0.197998046875
1.79338 0.197998046875
1.79438 0.197998046875
1.79539 0.197998046875
1.79639 0.197998046875
1.79739 0.197998046875
1.7984 0.197998046875
1.7994 0.197998046875
1.8004 0.197998046875
1.8014 0.197998046875
1.80241 0.197998046875
1.80341 0.197998046875
1.80441 0.197998046875
1.80542 0.197998046875
1.80642 0.197998046875
1.80742 0.197998046875
1.80843 0.197998046875
1.80943 0.197998046875
1.81043 0.197998046875
1.81143 0.197998046875
1.81244 0.197998046875
1.81344 0.197998046875
1.81444 0.197998046875
1.81545 0.197998046875
1.81645 0.197998046875
1.81745 0.197998046875
1.81846 0.197998046875
1.81946 0.197998046875
1.82046 0.197998046875
1.82146 0.197998046875
1.82247 0.197998046875
1.82347 0.197998046875
1.82447 0.197998046875
1.82548 0.197998046875
1.82648 0.197998046875
1.82748 0.197998046875
1.82849 0.197998046875
1.82949 0.197998046875
1.83049 0.197998046875
1.83149 0.197998046875
1.8325 0.197998046875
1.8335 0.197998046875
1.8345 0.197998046875
1.83551 0.197998046875
1.83651 0.197998046875
1.83751 0.197998046875
1.83852 0.197998046875
1.83952 0.197998046875
1.84052 0.197998046875
1.84153 0.197998046875
1.84253 0.197998046875
1.84353 0.197998046875
1.84453 0.197998046875
1.84554 0.197998046875
1.84654 0.197998046875
1.84754 0.197998046875
1.84855 0.197998046875
1.84955 0.197998046875
1.85055 0.197998046875
1.85156 0.197998046875
1.85256 0.197998046875
1.85356 0.197998046875
1.85456 0.197998046875
1.85557 0.197998046875
1.85657 0.197998046875
1.85757 0.197998046875
1.85858 0.197998046875
1.85958 0.197998046875
1.86058 0.197998046875
1.86159 0.197998046875
1.86259 0.197998046875
1.86359 0.197998046875
1.86459 0.197998046875
1.8656 0.197998046875
1.8666 0.197998046875
1.8676 0.197998046875
1.86861 0.197998046875
1.86961 0.197998046875
1.87061 0.197998046875
1.87162 0.197998046875
1.87262 0.197998046875
1.87362 0.197998046875
1.87462 0.197998046875
1.87563 0.197998046875
1.87663 0.197998046875
1.87763 0.197998046875
1.87864 0.197998046875
1.87964 0.197998046875
1.88064 0.197998046875
1.88164 0.197998046875
1.88263 0.197998046875
1.88363 0.197998046875
1.88464 0.197998046875
1.88564 0.197998046875
1.88664 0.197998046875
1.88765 0.197998046875
1.88865 0.197998046875
1.88964 0.197998046875
1.89064 0.197998046875
1.89164 0.197998046875
1.89265 0.197998046875
1.89365 0.197998046875
1.89465 0.197998046875
1.89566 0.197998046875
1.89665 0.197998046875
1.89764 0.197998046875
1.89864 0.197998046875
1.89964 0.197998046875
1.90064 0.197998046875
1.90165 0.197998046875
1.90265 0.197998046875
1.90364 0.197998046875
1.90464 0.197998046875
1.90563 0.197998046875
1.90662 0.197998046875
1.90762 0.197998046875
1.90862 0.197998046875
1.90963 0.197998046875
1.91062 0.197998046875
1.91161 0.197998046875
1.91261 0.197998046875
1.9136 0.197998046875
1.91459 0.197998046875
1.91558 0.197998046875
1.91659 0.197998046875
1.91759 0.197998046875
1.91859 0.197998046875
1.91958 0.197998046875
1.92057 0.197998046875
1.92157 0.197998046875
1.92256 0.197998046875
1.92355 0.197998046875
1.92454 0.197998046875
1.92554 0.197998046875
1.92653 0.197998046875
1.92752 0.197998046875
1.92852 0.197998046875
1.92951 0.197998046875
1.9305 0.197998046875
1.93149 0.197998046875
1.93249 0.197998046875
1.93348 0.197998046875
1.93447 0.197998046875
1.93547 0.197998046875
1.93646 0.197998046875
1.93745 0.197998046875
1.93844 0.197998046875
1.93944 0.197998046875
1.94043 0.197998046875
1.94142 0.197998046875
1.94242 0.197998046875
1.94341 0.197998046875
1.9444 0.197998046875
1.94539 0.2089996337890625
1.94639 0.2089996337890625
1.94738 0.2089996337890625
1.94837 0.2089996337890625
1.94937 0.2089996337890625
1.95036 0.2089996337890625
1.95135 0.2089996337890625
1.95234 0.2089996337890625
1.95334 0.2089996337890625
1.95433 0.2089996337890625
1.95532 0.2089996337890625
1.95632 0.2089996337890625
1.95731 0.2089996337890625
1.9583 0.2089996337890625
1.95929 0.2089996337890625
1.96029 0.2089996337890625
1.96128 0.2089996337890625
1.96227 0.2089996337890625
1.96327 0.2089996337890625
1.96426 0.2089996337890625
1.96525 0.2089996337890625
1.96624 0.2089996337890625
1.96724 0.2089996337890625
1.96823 0.2089996337890625
1.96922 0.2089996337890625
1.97021 0.2089996337890625
1.97121 0.2089996337890625
1.9722 0.2089996337890625
1.97319 0.2089996337890625
1.97419 0.2089996337890625
1.97518 0.2089996337890625
1.97617 0.2089996337890625
1.97716 0.2089996337890625
1.97816 0.2089996337890625
1.97915 0.2089996337890625
1.98014 0.2089996337890625
1.98114 0.2089996337890625
1.98213 0.2089996337890625
1.98312 0.2089996337890625
1.98411 0.2089996337890625
1.98511 0.2089996337890625
1.9861 0.2089996337890625
1.98709 0.2089996337890625
1.98809 0.2089996337890625
1.98908 0.2089996337890625
1.99007 0.2089996337890625
1.99106 0.2089996337890625
1.99206 0.2089996337890625
1.99305 0.2089996337890625
1.99404 0.2089996337890625
1.99504 0.2089996337890625
1.99603 0.2089996337890625
1.99702 0.2089996337890625
1.99801 0.2089996337890625
1.99901 0.2089996337890625
2 0.2089996337890625
2.001 0.2089996337890625
2.002 0.2089996337890625
2.00301 0.2089996337890625
2.00401 0.2089996337890625
2.005 0.2089996337890625
2.006 0.2089996337890625
2.007 0.2089996337890625
2.00801 0.2089996337890625
2.00901 0.2089996337890625
2.01001 0.2089996337890625
2.01101 0.2089996337890625
2.01201 0.2089996337890625
2.01301 0.2089996337890625
2.01401 0.2089996337890625
2.01501 0.2089996337890625
2.01601 0.2089996337890625
2.01701 0.2089996337890625
2.01801 0.2089996337890625
2.01902 0.2089996337890625
2.02001 0.2089996337890625
2.02101 0.2089996337890625
2.02201 0.2089996337890625
2.02301 0.2089996337890625
2.02401 0.2089996337890625
2.02502 0.2089996337890625
2.02602 0.2089996337890625
2.02702 0.2089996337890625
2.02802 0.2089996337890625
2.02902 0.2089996337890625
2.03002 0.2089996337890625
2.03102 0.2089996337890625
2.03202 0.2089996337890625
2.03302 0.2089996337890625
2.03402 0.2089996337890625
2.03502 0.2089996337890625
2.03602 0.2089996337890625
2.03702 0.2089996337890625
2.03802 0.2089996337890625
2.03902 0.2089996337890625
2.04002 0.2089996337890625
2.04102 0.2089996337890625
2.04202 0.2089996337890625
2.04302 0.2089996337890625
2.04402 0.2089996337890625
2.04502 0.2089996337890625
2.04602 0.2089996337890625
2.04702 0.2089996337890625
2.04802 0.2089996337890625
2.04902 0.2089996337890625
2.05002 0.2089996337890625
2.05102 0.2089996337890625
2.05202 0.2089996337890625
2.05302 0.2089996337890625
2.05402 0.2089996337890625
2.05502 0.2089996337890625
2.05602 0.2089996337890625
2.05701 0.2089996337890625
2.05802 0.2089996337890625
2.05902 0.2089996337890625
2.06002 0.2089996337890625
2.06102 0.2089996337890625
2.06202 0.2089996337890625
2.06301 0.2089996337890625
2.06401 0.2089996337890625
2.06501 0.2089996337890625
2.06601 0.2089996337890625
2.06701 0.2089996337890625
2.06801 0.2089996337890625
2.06901 0.2089996337890625
2.07001 0.2089996337890625
2.07101 0.2089996337890625
2.072 0.2089996337890625
2.073 0.2089996337890625
2.074 0.2089996337890625
2.075 0.2089996337890625
2.076 0.2089996337890625
2.077 0.2089996337890625
2.078 0.2089996337890625
2.079 0.2089996337890625
2.08 0.2089996337890625
2.08099 0.2089996337890625
2.08199 0.2089996337890625
2.08299 0.2089996337890625
2.08399 0.2089996337890625
2.08499 0.2089996337890625
2.08599 0.2089996337890625
2.08699 0.2089996337890625
2.08799 0.2089996337890625
2.08899 0.2089996337890625
2.08998 0.2089996337890625
2.09098 0.2089996337890625
2.09198 0.2089996337890625
2.09298 0.2089996337890625
2.09398 0.2089996337890625
2.09498 0.2089996337890625
2.09598 0.2089996337890625
2.09698 0.2089996337890625
2.09797 0.2089996337890625
2.09897 0.2089996337890625
2.09997 0.2089996337890625
2.10097 0.2089996337890625
2.10197 0.2089996337890625
2.10297 0.2089996337890625
2.10396 0.2089996337890625
2.10496 0.2089996337890625
2.10596 0.2089996337890625
2.10696 0.2089996337890625
2.10796 0.2089996337890625
2.10896 0.2089996337890625
2.10996 0.2089996337890625
2.11095 0.2089996337890625
2.11195 0.2089996337890625
2.11295 0.2089996337890625
2.11395 0.2089996337890625
2.11494 0.2089996337890625
2.11594 0.2089996337890625
2.11694 0.2089996337890625
2.11794 0.2089996337890625
2.11894 0.2089996337890625
2.11993 0.2089996337890625
2.12093 0.2089996337890625
2.12193 0.2089996337890625
2.12292 0.2089996337890625
2.12392 0.2089996337890625
2.12492 0.2089996337890625
2.12592 0.2089996337890625
2.12692 0.2089996337890625
2.12792 0.2089996337890625
2.12891 0.2089996337890625
2.12991 0.2089996337890625
2.13091 0.2089996337890625
2.1319 0.2089996337890625
2.1329 0.2089996337890625
2.1339 0.2089996337890625
2.1349 0.2089996337890625
2.1359 0.2089996337890625
2.1369 0.2089996337890625
2.13789 0.2089996337890625
2.13889 0.2089996337890625
2.13989 0.2089996337890625
2.14088 0.2089996337890625
2.14188 0.2089996337890625
2.14288 0.2089996337890625
2.14388 0.2089996337890625
2.14487 0.2089996337890625
2.14587 0.2089996337890625
2.14687 0.2089996337890625
2.14786 0.2089996337890625
2.14886 0.2089996337890625
2.14986 0.2089996337890625
2.15086 0.2089996337890625
2.15185 0.2089996337890625
2.15285 0.2089996337890625
2.15385 0.2089996337890625
2.15484 0.2089996337890625
2.15584 0.2089996337890625
2.15683 0.2089996337890625
2.15783 0.2089996337890625
2.15883 0.2089996337890625
2.15983 0.2089996337890625
2.16083 0.2089996337890625
2.16182 0.2089996337890625
2.16282 0.2089996337890625
2.16382 0.2089996337890625
2.16481 0.2089996337890625
2.16581 0.2089996337890625
2.16681 0.2089996337890625
2.1678 0.2089996337890625
2.1688 0.2089996337890625
2.1698 0.2089996337890625
2.17079 0.2089996337890625
2.17179 0.2089996337890625
2.17278 0.2089996337890625
2.17378 0.2089996337890625
2.17478 0.2089996337890625
2.17578 0.2089996337890625
2.17677 0.2089996337890625
2.17777 0.2089996337890625
2.17877 0.2089996337890625
2.17976 0.2089996337890625
2.18076 0.2089996337890625
2.18175 0.2089996337890625
2.18275 0.2089996337890625
2.18375 0.2089996337890625
2.18475 0.2089996337890625
2.18574 0.2089996337890625
2.18674 0.2089996337890625
2.18773 0.2089996337890625
2.18873 0.2089996337890625
2.18972 0.2089996337890625
2.19072 0.2089996337890625
2.19172 0.2089996337890625
2.19271 0.2089996337890625
2.19371 0.2089996337890625
2.1947 0.2089996337890625
2.1957 0.2089996337890625
2.1967 0.2089996337890625
2.19769 0.2089996337890625
2.19868 0.2089996337890625
2.19968 0.2089996337890625
2.20068 0.2089996337890625
2.20167 0.2089996337890625
2.20267 0.2089996337890625
2.20367 0.2089996337890625
2.20466 0.2089996337890625
2.20566 0.2089996337890625
2.20665 0.2089996337890625
2.20765 0.2089996337890625
2.20864 0.2089996337890625
2.20964 0.2089996337890625
2.21064 0.2089996337890625
2.21163 0.2089996337890625
2.21263 0.2089996337890625
2.21362 0.2089996337890625
2.21462 0.2089996337890625
2.21561 0.2089996337890625
2.21661 0.2089996337890625
2.2176 0.2089996337890625
2.2186 0.2089996337890625
2.21959 0.2089996337890625
2.22059 0.2089996337890625
2.22158 0.2089996337890625
2.22258 0.2089996337890625
2.22357 0.2089996337890625
2.22457 0.2089996337890625
2.22557 0.2089996337890625
2.22656 0.2089996337890625
2.22756 0.2089996337890625
2.22855 0.2089996337890625
2.22955 0.2089996337890625
2.23054 0.2089996337890625
2.23153 0.2089996337890625
2.23253 0.2089996337890625
2.23353 0.2089996337890625
2.23452 0.2089996337890625
2.23552 0.2089996337890625
2.23651 0.2089996337890625
2.23751 0.2089996337890625
2.2385 0.2089996337890625
2.2395 0.2089996337890625
2.24049 0.2089996337890625
2.24149 0.2089996337890625
2.24248 0.2089996337890625
2.24348 0.2089996337890625
2.24447 0.2089996337890625
2.24547 0.2089996337890625
2.24646 0.2089996337890625
2.24745 0.2089996337890625
2.24845 0.2089996337890625
2.24944 0.2089996337890625
2.25044 0.2089996337890625
2.25143 0.2089996337890625
2.25243 0.2089996337890625
2.25342 0.2089996337890625
2.25442 0.2089996337890625
2.25541 0.2089996337890625
2.2564 0.2089996337890625
2.25739 0.2089996337890625
2.25839 0.2089996337890625
2.25939 0.2089996337890625
2.26038 0.2089996337890625
2.26138 0.2089996337890625
2.26237 0.2089996337890625
2.26336 0.2089996337890625
2.26435 0.2089996337890625
2.26535 0.2089996337890625
2.26634 0.2089996337890625
2.26734 0.2089996337890625
2.26833 0.2089996337890625
2.26933 0.2089996337890625
2.27032 0.2089996337890625
2.27131 0.2089996337890625
2.27231 0.2089996337890625
2.2733 0.2089996337890625
2.2743 0.2089996337890625
2.27529 0.2089996337890625
2.27629 0.2089996337890625
2.27728 0.2089996337890625
2.27828 0.2089996337890625
2.27927 0.2089996337890625
2.28026 0.2089996337890625
2.28125 0.2089996337890625
2.28225 0.2089996337890625
2.28324 0.2089996337890625
2.28424 0.2089996337890625
2.28523 0.2089996337890625
2.28622 0.2089996337890625
2.28722 0.2089996337890625
2.28821 0.2089996337890625
2.2892 0.2089996337890625
2.29019 0.2089996337890625
2.29119 0.2089996337890625
2.29218 0.2089996337890625
2.29318 0.2089996337890625
2.29417 0.2089996337890625
2.29516 0.2089996337890625
2.29616 0.2089996337890625
2.29715 0.2089996337890625
2.29814 0.2089996337890625
2.29914 0.2089996337890625
2.30013 0.2089996337890625
2.30112 0.2089996337890625
2.30212 0.2089996337890625
2.30311 0.2089996337890625
2.3041 0.2089996337890625
2.3051 0.2089996337890625
2.30609 0.2089996337890625
2.30708 0.2089996337890625
2.30807 0.2089996337890625
2.30907 0.2089996337890625
2.31006 0.2089996337890625
2.31105 0.2089996337890625
2.31205 0.2089996337890625
2.31304 0.2089996337890625
2.31403 0.2089996337890625
2.31502 0.2089996337890625
2.31602 0.2089996337890625
2.31701 0.2089996337890625
2.318 0.2089996337890625
2.319 0.2089996337890625
2.31999 0.2089996337890625
2.32098 0.2089996337890625
2.32197 0.2089996337890625
2.32296 0.2089996337890625
2.32396 0.2089996337890625
2.32495 0.2089996337890625
2.32595 0.2089996337890625
2.32694 0.2089996337890625
2.32793 0.2089996337890625
2.32892 0.2089996337890625
2.32991 0.2089996337890625
2.3309 0.2089996337890625
2.3319 0.2089996337890625
2.33289 0.2089996337890625
2.33388 0.2089996337890625
2.33488 0.2089996337890625
2.33587 0.2089996337890625
2.33686 0.2089996337890625
2.33785 0.2089996337890625
2.33884 0.2089996337890625
2.33983 0.2089996337890625
2.34083 0.2089996337890625
2.34182 0.2089996337890625
2.34281 0.2089996337890625
2.34381 0.2089996337890625
2.3448 0.2089996337890625
2.34579 0.2089996337890625
2.34678 0.2089996337890625
2.34777 0.2089996337890625
2.34876 0.2089996337890625
2.34976 0.2089996337890625
2.35075 0.2089996337890625
2.35174 0.2089996337890625
2.35273 0.2089996337890625
2.35372 0.2089996337890625
2.35472 0.2089996337890625
2.35571 0.2089996337890625
2.3567 0.2089996337890625
2.35769 0.2089996337890625
2.35868 0.2089996337890625
2.35968 0.2089996337890625
2.36067 0.2089996337890625
2.36166 0.2089996337890625
2.36265 0.2089996337890625
2.36364 0.2089996337890625
2.36463 0.2089996337890625
2.36562 0.2089996337890625
2.36662 0.2089996337890625
2.36761 0.2089996337890625
2.3686 0.2089996337890625
2.36959 0.2089996337890625
2.37058 0.2089996337890625
2.37157 0.2089996337890625
2.37256 0.2089996337890625
2.37355 0.2089996337890625
2.37454 0.2089996337890625
2.37554 0.2089996337890625
2.37653 0.2089996337890625
2.37752 0.2089996337890625
2.37851 0.2089996337890625
2.3795 0.2089996337890625
2.38049 0.2089996337890625
2.38148 0.2089996337890625
2.38247 0.2089996337890625
2.38347 0.2089996337890625
2.38446 0.2089996337890625
2.38545 0.2089996337890625
2.38644 0.2089996337890625
2.38743 0.2089996337890625
2.38842 0.2089996337890625
2.38941 0.2089996337890625
2.3904 0.2089996337890625
2.39139 0.2089996337890625
2.39238 0.2089996337890625
2.39338 0.2089996337890625
2.39437 0.2089996337890625
2.39536 0.2089996337890625
2.39635 0.2089996337890625
2.39734 0.2089996337890625
2.39833 0.2089996337890625
2.39932 0.2089996337890625
2.40031 0.2089996337890625
2.4013 0.2089996337890625
2.40229 0.2089996337890625
2.40328 0.2089996337890625
2.40427 0.2089996337890625
2.40526 0.2089996337890625
2.40625 0.2089996337890625
2.40724 0.2089996337890625
2.40823 0.2089996337890625
2.40922 0.2089996337890625
2.41021 0.2089996337890625
2.4112 0.2089996337890625
2.41219 0.2089996337890625
2.41318 0.2089996337890625
2.41417 0.2089996337890625
2.41516 0.2089996337890625
2.41615 0.2089996337890625
2.41714 0.2089996337890625
2.41813 0.2089996337890625
2.41912 0.2089996337890625
2.42011 0.2089996337890625
2.4211 0.2089996337890625
2.42209 0.2089996337890625
2.42308 0.2089996337890625
2.42407 0.2089996337890625
2.42506 0.2089996337890625
2.42605 0.2089996337890625
2.42704 0.2089996337890625
2.42803 0.2089996337890625
2.42902 0.2089996337890625
2.43001 0.2089996337890625
2.43099 0.2089996337890625
2.43199 0.2089996337890625
2.43298 0.2089996337890625
2.43397 0.2089996337890625
2.43496 0.2089996337890625
2.43595 0.2089996337890625
2.43694 0.2089996337890625
2.43792 0.2089996337890625
2.43891 0.2089996337890625
2.4399 0.2209930419921875
2.44089 0.2209930419921875
2.44188 0.2209930419921875
2.44287 0.2209930419921875
2.44386 0.2209930419921875
2.44485 0.2209930419921875
2.44584 0.2209930419921875
2.44682 0.2209930419921875
2.44781 0.2209930419921875
2.4488 0.2209930419921875
2.44979 0.2209930419921875
2.45078 0.2209930419921875
2.45177 0.2209930419921875
2.45276 0.2209930419921875
2.45375 0.2209930419921875
2.45474 0.2209930419921875
2.45573 0.2209930419921875
2.45671 0.2209930419921875
2.4577 0.2209930419921875
2.45869 0.2209930419921875
2.45968 0.2209930419921875
2.46067 0.2209930419921875
2.46166 0.2209930419921875
2.46265 0.2209930419921875
2.46363 0.2209930419921875
2.46462 0.2209930419921875
2.46561 0.2209930419921875
2.4666 0.2209930419921875
2.46759 0.2209930419921875
2.46858 0.2209930419921875
2.46957 0.2209930419921875
2.47056 0.2209930419921875
2.47154 0.2209930419921875
2.47253 0.2209930419921875
2.47352 0.2209930419921875
2.47451 0.2209930419921875
2.4755 0.2209930419921875
2.47649 0.2209930419921875
2.47748 0.2209930419921875
2.47847 0.2209930419921875
2.47945 0.2209930419921875
2.48044 0.2209930419921875
2.48143 0.2209930419921875
2.48242 0.2209930419921875
2.48341 0.2209930419921875
2.48439 0.2209930419921875
2.48538 0.2209930419921875
2.48637 0.2209930419921875
2.48736 0.2209930419921875
2.48835 0.2209930419921875
2.48933 0.2209930419921875
2.49032 0.2209930419921875
2.49131 0.2209930419921875
2.4923 0.2209930419921875
2.49329 0.2209930419921875
2.49427 0.2209930419921875
2.49526 0.2209930419921875
2.49625 0.2209930419921875
2.49723 0.2209930419921875
2.49822 0.2209930419921875
2.49921 0.2209930419921875
2.5002 0.2209930419921875
2.50119 0.2209930419921875
2.50218 0.2209930419921875
2.50316 0.2209930419921875
2.50415 0.2209930419921875
2.50513 0.2209930419921875
2.50612 0.2209930419921875
2.50711 0.2209930419921875
2.5081 0.2209930419921875
2.50909 0.2209930419921875
2.51007 0.2209930419921875
2.51106 0.2209930419921875
2.51205 0.2209930419921875
2.51303 0.2209930419921875
2.51402 0.2209930419921875
2.51501 0.2209930419921875
2.516 0.2209930419921875
2.51698 0.2209930419921875
2.51797 0.2209930419921875
2.51896 0.2209930419921875
2.51995 0.2209930419921875
2.52093 0.2209930419921875
2.52192 0.2209930419921875
2.5229 0.2209930419921875
2.52389 0.2209930419921875
2.52488 0.2209930419921875
2.52587 0.2209930419921875
2.52686 0.2209930419921875
2.52784 0.2209930419921875
2.52883 0.2209930419921875
2.52981 0.2209930419921875
2.5308 0.2209930419921875
2.53179 0.2209930419921875
2.53278 0.2209930419921875
2.53376 0.2209930419921875
2.53475 0.2209930419921875
2.53574 0.2209930419921875
2.53672 0.2209930419921875
2.53771 0.2209930419921875
2.53869 0.2209930419921875
2.53968 0.2209930419921875
2.54067 0.2209930419921875
2.54166 0.2209930419921875
2.54265 0.2209930419921875
2.54363 0.2209930419921875
2.54462 0.2209930419921875
2.5456 0.2209930419921875
2.54659 0.2209930419921875
2.54758 0.2209930419921875
2.54856 0.2209930419921875
2.54955 0.2209930419921875
2.55054 0.2209930419921875
2.55152 0.2209930419921875
2.55251 0.2209930419921875
2.55349 0.2209930419921875
2.55448 0.2209930419921875
2.55547 0.2209930419921875
2.55645 0.2209930419921875
2.55744 0.2209930419921875
2.55843 0.2209930419921875
2.55941 0.2209930419921875
2.5604 0.2209930419921875
2.56138 0.2209930419921875
2.56237 0.2209930419921875
2.56336 0.2209930419921875
2.56434 0.2209930419921875
2.56533 0.2209930419921875
2.56631 0.2209930419921875
2.5673 0.2209930419921875
2.56828 0.2209930419921875
2.56927 0.2209930419921875
2.57026 0.2209930419921875
2.57124 0.2209930419921875
2.57222 0.2209930419921875
2.57321 0.2209930419921875
2.5742 0.2209930419921875
2.57519 0.2209930419921875
2.57617 0.2209930419921875
2.57716 0.2209930419921875
2.57814 0.2209930419921875
2.57913 0.2209930419921875
2.58011 0.2209930419921875
2.5811 0.2209930419921875
2.58209 0.2209930419921875
2.58307 0.2209930419921875
2.58406 0.2209930419921875
2.58504 0.2209930419921875
2.58603 0.2209930419921875
2.58701 0.2209930419921875
2.58799 0.2209930419921875
2.58898 0.2209930419921875
2.58997 0.2209930419921875
2.59095 0.2209930419921875
2.59194 0.2209930419921875
2.59292 0.2209930419921875
2.59391 0.2209930419921875
2.59489 0.2209930419921875
2.59588 0.2209930419921875
2.59686 0.2209930419921875
2.59785 0.2209930419921875
2.59883 0.2209930419921875
2.59982 0.2209930419921875
2.6008 0.2209930419921875
2.60179 0.2209930419921875
2.60277 0.2209930419921875
2.60376 0.2209930419921875
2.60474 0.2209930419921875
2.60572 0.2209930419921875
2.60671 0.2209930419921875
2.60769 0.2209930419921875
2.60868 0.2209930419921875
2.60966 0.2209930419921875
2.61065 0.2209930419921875
2.61163 0.2209930419921875
2.61261 0.2209930419921875
2.6136 0.2209930419921875
2.61458 0.2209930419921875
2.61557 0.2209930419921875
2.61655 0.2209930419921875
2.61754 0.2209930419921875
2.61852 0.2209930419921875
2.6195 0.2209930419921875
2.62049 0.2209930419921875
2.62147 0.2209930419921875
2.62245 0.2209930419921875
2.62344 0.2209930419921875
2.62443 0.2209930419921875
2.62541 0.2209930419921875
2.62639 0.2209930419921875
2.62738 0.2209930419921875
2.62836 0.2209930419921875
2.62934 0.2209930419921875
2.63032 0.2209930419921875
2.63131 0.2209930419921875
2.6323 0.2209930419921875
2.63328 0.2209930419921875
2.63426 0.2209930419921875
2.63525 0.2209930419921875
2.63623 0.2209930419921875
2.63721 0.2209930419921875
2.6382 0.2209930419921875
2.63918 0.2209930419921875
2.64017 0.2209930419921875
2.64115 0.2209930419921875
2.64213 0.2209930419921875
2.64312 0.2209930419921875
2.6441 0.2209930419921875
2.64508 0.2209930419921875
2.64607 0.2209930419921875
2.64705 0.2209930419921875
2.64803 0.2209930419921875
2.64902 0.2209930419921875
2.65 0.2209930419921875
2.65098 0.2209930419921875
2.65197 0.2209930419921875
2.65295 0.2209930419921875
2.65393 0.2209930419921875
2.65492 0.2209930419921875
2.6559 0.2209930419921875
2.65689 0.2209930419921875
2.65787 0.2209930419921875
2.65885 0.2209930419921875
2.65984 0.2209930419921875
2.66082 0.2209930419921875
2.6618 0.2209930419921875
2.66278 0.2209930419921875
2.66377 0.2209930419921875
2.66475 0.2209930419921875
2.66573 0.2209930419921875
2.66672 0.2209930419921875
2.6677 0.2209930419921875
2.66868 0.2209930419921875
2.66967 0.2209930419921875
2.67065 0.2209930419921875
2.67163 0.2209930419921875
2.67261 0.2209930419921875
2.67359 0.2209930419921875
2.67458 0.2209930419921875
2.67556 0.2209930419921875
2.67654 0.2209930419921875
2.67752 0.2209930419921875
2.6785 0.2209930419921875
2.67948 0.2209930419921875
2.68047 0.2209930419921875
2.68145 0.2209930419921875
2.68243 0.2209930419921875
2.68342 0.2209930419921875
2.6844 0.2209930419921875
2.68538 0.2209930419921875
2.68636 0.2209930419921875
2.68734 0.2209930419921875
2.68832 0.2209930419921875
2.6893 0.2209930419921875
2.69029 0.2209930419921875
2.69127 0.2209930419921875
2.69225 0.2209930419921875
2.69323 0.2209930419921875
2.69421 0.2209930419921875
2.69519 0.2209930419921875
2.69617 0.2209930419921875
2.69716 0.2209930419921875
2.69814 0.2209930419921875
2.69912 0.2209930419921875
2.70011 0.2209930419921875
2.70109 0.2209930419921875
2.70207 0.2209930419921875
2.70305 0.2209930419921875
2.70403 0.2209930419921875
2.70501 0.2209930419921875
2.70599 0.2209930419921875
2.70698 0.2209930419921875
2.70796 0.2209930419921875
2.70894 0.2209930419921875
2.70992 0.2209930419921875
2.7109 0.2209930419921875
2.71188 0.2209930419921875
2.71286 0.2209930419921875
2.71384 0.2209930419921875
2.71483 0.2209930419921875
2.71581 0.2209930419921875
2.71679 0.2209930419921875
2.71777 0.2209930419921875
2.71875 0.2209930419921875
2.71973 0.2209930419921875
2.72071 0.2209930419921875
2.72169 0.2209930419921875
2.72268 0.2209930419921875
2.72366 0.2209930419921875
2.72464 0.2209930419921875
2.72562 0.2209930419921875
2.7266 0.2209930419921875
2.72758 0.2209930419921875
2.72856 0.2209930419921875
2.72954 0.2209930419921875
2.73052 0.2209930419921875
2.7315 0.2209930419921875
2.73248 0.2209930419921875
2.73346 0.2209930419921875
2.73444 0.2209930419921875
2.73542 0.2209930419921875
2.7364 0.2209930419921875
2.73738 0.2209930419921875
2.73836 0.2209930419921875
2.73934 0.2209930419921875
2.74032 0.2209930419921875
2.7413 0.2209930419921875
2.74228 0.2209930419921875
2.74326 0.2209930419921875
2.74424 0.2209930419921875
2.74522 0.2209930419921875
2.7462 0.2209930419921875
2.74718 0.2209930419921875
2.74816 0.2209930419921875
2.74914 0.2209930419921875
2.75012 0.2209930419921875
2.7511 0.2209930419921875
2.75208 0.2209930419921875
2.75306 0.2209930419921875
2.75404 0.2209930419921875
2.75502 0.2209930419921875
2.756 0.2209930419921875
2.75698 0.2209930419921875
2.75796 0.2209930419921875
2.75894 0.2209930419921875
2.75992 0.2209930419921875
2.7609 0.2209930419921875
2.76188 0.2209930419921875
2.76286 0.2209930419921875
2.76384 0.2209930419921875
2.76482 0.2209930419921875
2.7658 0.2209930419921875
2.76678 0.2209930419921875
2.76776 0.2209930419921875
2.76874 0.2209930419921875
2.76972 0.2209930419921875
2.7707 0.2209930419921875
2.77168 0.2209930419921875
2.77266 0.2209930419921875
2.77364 0.2209930419921875
2.77462 0.2209930419921875
2.7756 0.2209930419921875
2.77658 0.2209930419921875
2.77756 0.2209930419921875
2.77854 0.2209930419921875
2.77952 0.2209930419921875
2.7805 0.2209930419921875
2.78148 0.2209930419921875
2.78246 0.2209930419921875
2.78344 0.2209930419921875
2.78442 0.2209930419921875
2.7854 0.2209930419921875
2.78638 0.2209930419921875
2.78735 0.2209930419921875
2.78833 0.2209930419921875
2.78931 0.2209930419921875
2.79029 0.2209930419921875
2.79127 0.2209930419921875
2.79225 0.2209930419921875
2.79323 0.2209930419921875
2.7942 0.2209930419921875
2.79518 0.2209930419921875
2.79616 0.2209930419921875
2.79714 0.2209930419921875
2.79812 0.2209930419921875
2.7991 0.2209930419921875
2.80008 0.2209930419921875
2.80105 0.2209930419921875
2.80203 0.2209930419921875
2.803 0.2209930419921875
2.80398 0.2209930419921875
2.80496 0.2209930419921875
2.80594 0.2209930419921875
2.80692 0.2209930419921875
2.8079 0.2209930419921875
2.80888 0.2209930419921875
2.80985 0.2209930419921875
2.81083 0.2209930419921875
2.8118 0.2209930419921875
2.81278 0.2209930419921875
2.81376 0.2209930419921875
2.81474 0.2209930419921875
2.81572 0.2209930419921875
2.81669 0.2209930419921875
2.81767 0.2209930419921875
2.81864 0.2209930419921875
2.81962 0.2209930419921875
2.8206 0.2209930419921875
2.82158 0.2209930419921875
2.82255 0.2209930419921875
2.82353 0.2209930419921875
2.8245 0.2209930419921875
2.82548 0.2209930419921875
2.82645 0.2209930419921875
2.82743 0.2209930419921875
2.8284 0.2209930419921875
2.82938 0.2209930419921875
2.83036 0.2209930419921875
2.83134 0.2209930419921875
2.83231 0.2209930419921875
2.83329 0.2209930419921875
2.83426 0.2209930419921875
2.83524 0.2209930419921875
2.83621 0.2209930419921875
2.83719 0.2209930419921875
2.83817 0.2209930419921875
2.83915 0.2209930419921875
2.84012 0.2209930419921875
2.8411 0.2209930419921875
2.84207 0.2209930419921875
2.84305 0.2209930419921875
2.84402 0.2209930419921875
2.845 0.2209930419921875
2.84598 0.2209930419921875
2.84695 0.2209930419921875
2.84793 0.2209930419921875
2.8489 0.2209930419921875
2.84988 0.2209930419921875
2.85085 0.2209930419921875
2.85183 0.2209930419921875
2.8528 0.2209930419921875
2.85378 0.2209930419921875
2.85475 0.2209930419921875
2.85573 0.2209930419921875
2.8567 0.2209930419921875
2.85768 0.2209930419921875
2.85865 0.2209930419921875
2.85963 0.2209930419921875
2.8606 0.2209930419921875
2.86158 0.2209930419921875
2.86255 0.2209930419921875
2.86353 0.2209930419921875
2.8645 0.2209930419921875
2.86548 0.2209930419921875
2.86645 0.2209930419921875
2.86743 0.2209930419921875
2.8684 0.2209930419921875
2.86937 0.2209930419921875
2.87035 0.2209930419921875
2.87132 0.2209930419921875
2.8723 0.2209930419921875
2.87327 0.2209930419921875
2.87425 0.2209930419921875
2.87522 0.2209930419921875
2.8762 0.2209930419921875
2.87717 0.2209930419921875
2.87815 0.2209930419921875
2.87912 0.2209930419921875
2.8801 0.2209930419921875
2.88107 0.2209930419921875
2.88205 0.2209930419921875
2.88302 0.2209930419921875
2.884 0.2209930419921875
2.88497 0.2209930419921875
2.88595 0.2209930419921875
2.88692 0.2209930419921875
2.8879 0.2209930419921875
2.88887 0.2209930419921875
2.88985 0.2209930419921875
2.89082 0.2209930419921875
2.8918 0.2209930419921875
2.89277 0.2209930419921875
2.89375 0.2209930419921875
2.89472 0.2209930419921875
2.89569 0.2209930419921875
2.89667 0.2209930419921875
2.89764 0.2209930419921875
2.89862 0.2209930419921875
2.89959 0.2209930419921875
2.90057 0.2209930419921875
2.90154 0.2209930419921875
2.90252 0.2209930419921875
2.90349 0.2209930419921875
2.90447 0.2209930419921875
2.90544 0.2209930419921875
2.90642 0.2209930419921875
2.90739 0.2209930419921875
2.90837 0.2209930419921875
2.90934 0.2209930419921875
2.91032 0.2209930419921875
2.91129 0.2209930419921875
2.91227 0.2209930419921875
2.91324 0.2209930419921875
2.91422 0.2209930419921875
2.91519 0.2209930419921875
2.91617 0.2209930419921875
2.91714 0.2209930419921875
2.91812 0.2209930419921875
2.91909 0.2209930419921875
2.92007 0.2209930419921875
2.92104 0.2209930419921875
2.92201 0.2209930419921875
2.92299 0.2209930419921875
2.92396 0.2209930419921875
2.92494 0.2209930419921875
2.92591 0.2209930419921875
2.92689 0.2209930419921875
2.92786 0.2209930419921875
2.92884 0.2209930419921875
2.92981 0.2209930419921875
2.93079 0.2209930419921875
2.93176 0.2209930419921875
2.93274 0.2209930419921875
2.93371 0.2209930419921875
2.93469 0.2209930419921875
2.93566 0.2209930419921875
2.93664 0.2209930419921875
2.93761 0.2209930419921875
2.93859 0.2209930419921875
2.93956 0.2209930419921875
2.94054 0.2209930419921875
2.94151 0.2209930419921875
2.94249 0.2209930419921875
2.94346 0.2209930419921875
2.94444 0.2209930419921875
2.94541 0.2209930419921875
2.94639 0.2209930419921875
2.94736 0.2209930419921875
2.94833 0.2209930419921875
2.94931 0.2209930419921875
2.95028 0.2209930419921875
2.95126 0.2209930419921875
2.95223 0.2209930419921875
2.95321 0.2209930419921875
2.95418 0.2209930419921875
2.95516 0.2209930419921875
2.95613 0.2209930419921875
2.95711 0.2209930419921875
2.95808 0.2209930419921875
2.95906 0.2209930419921875
2.96001 0.2209930419921875
2.96099 0.2209930419921875
2.96196 0.2209930419921875
2.96294 0.2209930419921875
2.96391 0.2209930419921875
2.96489 0.2209930419921875
2.96584 0.2209930419921875
2.96678 0.2209930419921875
2.96773 0.2209930419921875
2.96868 0.2209930419921875
2.96963 0.2209930419921875
2.97058 0.2209930419921875
2.97153 0.2209930419921875
2.97248 0.2209930419921875
2.97343 0.2209930419921875
2.97438 0.2209930419921875
2.97533 0.2209930419921875
2.97627 0.2209930419921875
2.97722 0.2209930419921875
2.97817 0.2209930419921875
2.97912 0.2209930419921875
2.98007 0.2209930419921875
2.98102 0.2209930419921875
2.98197 0.2209930419921875
2.98292 0.2209930419921875
2.98387 0.2209930419921875
2.98482 0.2209930419921875
2.98576 0.2209930419921875
2.98671 0.2209930419921875
2.98766 0.2209930419921875
2.98861 0.2209930419921875
2.98956 0.2209930419921875
2.99051 0.2209930419921875
2.99146 0.2209930419921875
2.99241 0.2209930419921875
2.99336 0.2209930419921875
2.99431 0.2209930419921875
2.99525 0.2209930419921875
2.9962 0.2209930419921875
2.99715 0.2209930419921875
2.9981 0.2209930419921875
2.99905 0.2209930419921875
3 0.2209930419921875
3.00097 0.2209930419921875
3.00195 0.2209930419921875
3.00292 0.2209930419921875
3.0039 0.2209930419921875
3.00487 0.2209930419921875
3.00585 0.2209930419921875
3.00682 0.2209930419921875
3.00779 0.2209930419921875
3.00877 0.2209930419921875
3.00974 0.2209930419921875
3.01071 0.2209930419921875
3.01169 0.2209930419921875
3.01266 0.2209930419921875
3.01364 0.2209930419921875
3.01461 0.2209930419921875
3.01558 0.2209930419921875
3.01656 0.2209930419921875
3.01753 0.2209930419921875
3.01851 0.2209930419921875
3.01948 0.2209930419921875
3.02045 0.2209930419921875
3.02143 0.2209930419921875
3.0224 0.2209930419921875
3.02337 0.2209930419921875
3.02435 0.2209930419921875
3.02532 0.2209930419921875
3.02629 0.2209930419921875
3.02727 0.2209930419921875
3.02824 0.2209930419921875
3.02921 0.2209930419921875
3.03019 0.2209930419921875
3.03116 0.2209930419921875
3.03213 0.2209930419921875
3.03311 0.2209930419921875
3.03408 0.2209930419921875
3.03505 0.2209930419921875
3.03603 0.2209930419921875
3.037 0.2209930419921875
3.03797 0.2209930419921875
3.03895 0.2209930419921875
3.03992 0.2209930419921875
3.04089 0.2209930419921875
3.04186 0.2209930419921875
3.04283 0.2209930419921875
3.04381 0.2209930419921875
3.04478 0.2209930419921875
3.04576 0.2209930419921875
3.04673 0.2209930419921875
3.0477 0.2209930419921875
3.04867 0.2209930419921875
3.04965 0.2209930419921875
3.05062 0.2209930419921875
3.05159 0.2209930419921875
3.05257 0.2209930419921875
3.05354 0.2209930419921875
3.05451 0.2209930419921875
3.05548 0.2209930419921875
3.05645 0.2209930419921875
3.05743 0.2209930419921875
3.0584 0.2209930419921875
3.05937 0.2209930419921875
3.06034 0.2209930419921875
3.06132 0.2209930419921875
3.06229 0.2209930419921875
3.06326 0.2209930419921875
3.06423 0.2209930419921875
3.0652 0.2209930419921875
3.06618 0.2209930419921875
3.06715 0.2209930419921875
3.06812 0.2209930419921875
3.06909 0.2209930419921875
3.07007 0.2209930419921875
3.07104 0.2209930419921875
3.07201 0.2209930419921875
3.07298 0.2209930419921875
3.07395 0.2209930419921875
3.07492 0.2209930419921875
3.07589 0.2209930419921875
3.07687 0.2209930419921875
3.07784 0.2209930419921875
3.07881 0.2209930419921875
3.07978 0.2209930419921875
3.08076 0.2209930419921875
3.08173 0.2209930419921875
3.0827 0.2209930419921875
3.08367 0.2209930419921875
3.08464 0.2209930419921875
3.08561 0.2209930419921875
3.08658 0.2209930419921875
3.08756 0.2209930419921875
3.08853 0.2209930419921875
3.0895 0.2209930419921875
3.09047 0.2209930419921875
3.09144 0.2209930419921875
3.09241 0.2209930419921875
3.09339 0.2209930419921875
3.09436 0.2209930419921875
3.09533 0.2209930419921875
3.0963 0.2209930419921875
3.09727 0.2209930419921875
3.09824 0.2209930419921875
3.09921 0.2209930419921875
3.10018 0.2209930419921875
3.10116 0.2209930419921875
3.10213 0.2209930419921875
3.1031 0.2209930419921875
3.10407 0.2209930419921875
3.10504 0.2209930419921875
3.10601 0.2209930419921875
3.10698 0.2209930419921875
3.10795 0.2209930419921875
3.10892 0.2209930419921875
3.1099 0.2209930419921875
3.11087 0.2209930419921875
3.11184 0.2209930419921875
3.11281 0.2209930419921875
3.11378 0.2209930419921875
3.11475 0.2209930419921875
3.11572 0.2209930419921875
3.11669 0.2209930419921875
3.11766 0.2209930419921875
3.11863 0.2209930419921875
3.1196 0.2209930419921875
3.12057 0.2209930419921875
3.12154 0.2209930419921875
3.12251 0.2209930419921875
3.12348 0.2209930419921875
3.12445 0.2209930419921875
3.12543 0.2209930419921875
3.1264 0.2209930419921875
3.12737 0.2209930419921875
3.12834 0.2209930419921875
3.12931 0.2209930419921875
3.13028 0.2209930419921875
3.13125 0.2209930419921875
3.13222 0.2209930419921875
3.13319 0.2209930419921875
3.13416 0.2209930419921875
3.13513 0.2209930419921875
3.1361 0.2209930419921875
3.13707 0.2209930419921875
3.13804 0.2209930419921875
3.13901 0.2209930419921875
3.13998 0.2209930419921875
3.14094 0.2209930419921875
3.14192 0.2209930419921875
3.14289 0.2209930419921875
3.14386 0.2209930419921875
3.14483 0.2209930419921875
3.1458 0.2209930419921875
3.14677 0.2209930419921875
3.14774 0.2209930419921875
3.1487 0.2209930419921875
3.14967 0.2209930419921875
3.15064 0.2209930419921875
3.15162 0.2209930419921875
3.15258 0.2209930419921875
3.15355 0.2209930419921875
3.15452 0.2209930419921875
3.15549 0.2209930419921875
3.15646 0.2209930419921875
3.15743 0.2209930419921875
3.1584 0.2209930419921875
3.15937 0.2209930419921875
3.16034 0.2209930419921875
3.16131 0.2209930419921875
3.16228 0.2209930419921875
3.16325 0.2209930419921875
3.16422 0.2209930419921875
3.16518 0.2209930419921875
3.16615 0.2209930419921875
3.16712 0.2209930419921875
3.16809 0.2209930419921875
3.16906 0.2209930419921875
3.17003 0.2209930419921875
3.171 0.2209930419921875
3.17197 0.2209930419921875
3.17293 0.2209930419921875
3.1739 0.2209930419921875
3.17487 0.2209930419921875
3.17584 0.2209930419921875
3.17681 0.2209930419921875
3.17778 0.2209930419921875
3.17875 0.2209930419921875
3.17972 0.2209930419921875
3.18069 0.2209930419921875
3.18165 0.2209930419921875
3.18262 0.2209930419921875
3.18359 0.2209930419921875
3.18456 0.2209930419921875
3.18553 0.2209930419921875
3.1865 0.2209930419921875
3.18747 0.2209930419921875
3.18843 0.2209930419921875
3.1894 0.2209930419921875
3.19037 0.2209930419921875
3.19134 0.2209930419921875
3.19231 0.2209930419921875
3.19328 0.2209930419921875
3.19424 0.2209930419921875
3.19521 0.2209930419921875
3.19618 0.2209930419921875
3.19715 0.2209930419921875
3.19811 0.2209930419921875
3.19909 0.2209930419921875
3.20006 0.2209930419921875
3.20102 0.2209930419921875
3.20199 0.2209930419921875
3.20296 0.2209930419921875
3.20393 0.2209930419921875
3.20489 0.2209930419921875
3.20586 0.2209930419921875
3.20683 0.2209930419921875
3.2078 0.2209930419921875
3.20877 0.2209930419921875
3.20973 0.2209930419921875
3.2107 0.2209930419921875
3.21167 0.2209930419921875
3.21264 0.2209930419921875
3.2136 0.2209930419921875
3.21457 0.2209930419921875
3.21554 0.2209930419921875
3.21651 0.2209930419921875
3.21748 0.2209930419921875
3.21844 0.2209930419921875
3.21941 0.2209930419921875
3.22038 0.2209930419921875
3.22135 0.2209930419921875
3.22231 0.2209930419921875
3.22328 0.2209930419921875
3.22425 0.2209930419921875
3.22522 0.2209930419921875
3.22618 0.2209930419921875
3.22715 0.2209930419921875
3.22812 0.2209930419921875
3.22908 0.2209930419921875
3.23005 0.2209930419921875
3.23102 0.2209930419921875
3.23199 0.2209930419921875
3.23295 0.2209930419921875
3.23392 0.2209930419921875
3.23489 0.2209930419921875
3.23586 0.2209930419921875
3.23682 0.2209930419921875
3.23779 0.2209930419921875
3.23875 0.2209930419921875
3.23972 0.2209930419921875
3.24069 0.2209930419921875
3.24166 0.2209930419921875
3.24262 0.2209930419921875
3.24359 0.2209930419921875
3.24456 0.2209930419921875
3.24552 0.2209930419921875
3.24649 0.2209930419921875
3.24745 0.2209930419921875
3.24842 0.2209930419921875
3.24939 0.2209930419921875
3.25036 0.2209930419921875
3.25132 0.2209930419921875
3.25229 0.2209930419921875
3.25326 0.2209930419921875
3.25422 0.2209930419921875
3.25519 0.2209930419921875
3.25615 0.2209930419921875
3.25712 0.2209930419921875
3.25809 0.2209930419921875
3.25906 0.2209930419921875
3.26002 0.2209930419921875
3.26099 0.2209930419921875
3.26195 0.2209930419921875
3.26292 0.2209930419921875
3.26388 0.2209930419921875
3.26485 0.2209930419921875
3.26582 0.2209930419921875
3.26678 0.2209930419921875
3.26775 0.2209930419921875
3.26872 0.2209930419921875
3.26968 0.2209930419921875
3.27065 0.2209930419921875
3.27161 0.2209930419921875
3.27258 0.2209930419921875
3.27354 0.2209930419921875
3.27451 0.2209930419921875
3.27548 0.2209930419921875
3.27644 0.2209930419921875
3.27741 0.2209930419921875
3.27837 0.2209930419921875
3.27934 0.2209930419921875
3.2803 0.2209930419921875
3.28127 0.2209930419921875
3.28224 0.2209930419921875
3.2832 0.2209930419921875
3.28417 0.2209930419921875
3.28513 0.2209930419921875
3.2861 0.2209930419921875
3.28706 0.2209930419921875
3.28803 0.2209930419921875
3.28899 0.2209930419921875
3.28996 0.2209930419921875
3.29092 0.2209930419921875
3.29189 0.2209930419921875
3.29286 0.2209930419921875
3.29382 0.2209930419921875
3.29479 0.2209930419921875
3.29575 0.2209930419921875
3.29671 0.2209930419921875
3.29768 0.2209930419921875
3.29865 0.2209930419921875
3.29961 0.2209930419921875
3.30057 0.2209930419921875
3.30154 0.2209930419921875
3.3025 0.2209930419921875
3.30347 0.2209930419921875
3.30443 0.2209930419921875
3.3054 0.2209930419921875
3.30636 0.2209930419921875
3.30733 0.2209930419921875
3.30829 0.2209930419921875
3.30926 0.2209930419921875
3.31022 0.2209930419921875
3.31119 0.2209930419921875
3.31215 0.2209930419921875
3.31311 0.2209930419921875
3.31408 0.2209930419921875
3.31504 0.2209930419921875
3.31601 0.2209930419921875
3.31697 0.2209930419921875
3.31794 0.2209930419921875
3.3189 0.2209930419921875
3.31986 0.2209930419921875
3.32083 0.2209930419921875
3.32179 0.2209930419921875
3.32276 0.2209930419921875
3.32372 0.2209930419921875
3.32469 0.2209930419921875
3.32565 0.2209930419921875
3.32661 0.2209930419921875
3.32758 0.2209930419921875
3.32854 0.2209930419921875
3.3295 0.2209930419921875
3.33047 0.2209930419921875
3.33144 0.2209930419921875
3.3324 0.2209930419921875
3.33336 0.2209930419921875
3.33433 0.2209930419921875
3.33529 0.2209930419921875
3.33625 0.2209930419921875
3.33722 0.2209930419921875
3.33818 0.2209930419921875
3.33914 0.2209930419921875
3.34011 0.2209930419921875
3.34107 0.2209930419921875
3.34204 0.2209930419921875
3.343 0.2209930419921875
3.34396 0.2209930419921875
3.34493 0.2209930419921875
3.34589 0.2209930419921875
3.34685 0.2209930419921875
3.34782 0.2209930419921875
3.34878 0.2209930419921875
3.34974 0.2209930419921875
3.35071 0.2209930419921875
3.35167 0.2209930419921875
3.35263 0.2209930419921875
3.35359 0.2209930419921875
3.35456 0.2209930419921875
3.35552 0.2209930419921875
3.35649 0.2209930419921875
3.35745 0.2209930419921875
3.35841 0.2209930419921875
3.35938 0.2209930419921875
3.36034 0.2209930419921875
3.3613 0.2209930419921875
3.36226 0.2209930419921875
3.36323 0.2209930419921875
3.36419 0.2209930419921875
3.36515 0.2209930419921875
3.36612 0.2209930419921875
3.36708 0.2209930419921875
3.36804 0.2209930419921875
3.369 0.2209930419921875
